13.000000    1.656000
13.100000    1.697926
13.200000    1.739846
13.300000    1.781753
13.400000    1.823642
13.500000    1.865506
13.600000    1.907339
13.700000    1.949136
13.800000    1.990889
13.900000    2.032593
14.000000    2.074242
14.100000    2.115829
14.200000    2.157348
14.300000    2.198794
14.400000    2.240159
14.500000    2.281438
14.600000    2.322625
14.700000    2.363713
14.800000    2.404696
14.900000    2.445569
15.000000    2.486324
15.100000    2.526956
15.200000    2.567459
15.300000    2.607827
15.400000    2.648053
15.500000    2.688130
15.600000    2.728054
15.700000    2.767818
15.800000    2.807416
15.900000    2.846841
16.000000    2.886087
16.100000    2.925148
16.200000    2.964019
16.300000    3.002693
16.400000    3.041163
16.500000    3.079424
16.600000    3.117469
16.700000    3.155292
16.800000    3.192888
16.900000    3.230249
17.000000    3.267370
17.100000    3.304245
17.200000    3.340868
17.300000    3.377231
17.400000    3.413330
17.500000    3.449158
17.600000    3.484708
17.700000    3.519975
17.800000    3.554953
17.900000    3.589635
18.000000    3.624015
18.100000    3.658087
18.200000    3.691845
18.300000    3.725283
18.400000    3.758394
18.500000    3.791173
18.600000    3.823613
18.700000    3.855707
18.800000    3.887451
18.900000    3.918838
19.000000    3.949861
19.100000    3.980514
19.200000    4.010792
19.300000    4.040688
19.400000    4.070196
19.500000    4.099309
19.600000    4.128023
19.700000    4.156329
19.800000    4.184223
19.900000    4.211698
20.000000    4.238748
20.100000    4.265367
20.200000    4.291549
20.300000    4.317287
20.400000    4.342575
20.500000    4.367408
20.600000    4.391778
20.700000    4.415681
20.800000    4.439109
20.900000    4.462056
21.000000    4.484517
21.100000    4.506486
21.200000    4.527955
21.300000    4.548919
21.400000    4.569372
21.500000    4.589308
21.600000    4.608720
21.700000    4.627602
21.800000    4.645948
21.900000    4.663753
22.000000    4.681009
22.100000    4.697711
22.200000    4.713852
22.300000    4.729426
22.400000    4.744428
22.500000    4.758850
22.600000    4.772688
22.700000    4.785934
22.800000    4.798582
22.900000    4.810627
23.000000    4.822062
23.100000    4.832882
23.200000    4.843079
23.300000    4.852647
23.400000    4.861582
23.500000    4.869875
23.600000    4.877522
23.700000    4.884516
23.800000    4.890851
23.900000    4.896521
24.000000    4.901519
24.100000    4.905839
24.200000    4.909476
24.300000    4.912423
24.400000    4.914674
24.500000    4.916223
24.600000    4.917063
24.700000    4.917189
24.800000    4.916594
24.900000    4.915273
25.000000    4.913218
25.100000    4.910424
25.200000    4.906885
25.300000    4.902594
25.400000    4.897546
25.500000    4.891733
25.600000    4.885151
25.700000    4.877793
25.800000    4.869653
25.900000    4.860724
26.000000    4.851000
26.100000    4.840479
26.200000    4.829168
26.300000    4.817080
26.400000    4.804226
26.500000    4.790618
26.600000    4.776267
26.700000    4.761185
26.800000    4.745384
26.900000    4.728875
27.000000    4.711670
27.100000    4.693780
27.200000    4.675218
27.300000    4.655994
27.400000    4.636121
27.500000    4.615610
27.600000    4.594472
27.700000    4.572720
27.800000    4.550364
27.900000    4.527417
28.000000    4.503891
28.100000    4.479796
28.200000    4.455144
28.300000    4.429947
28.400000    4.404217
28.500000    4.377966
28.600000    4.351204
28.700000    4.323944
28.800000    4.296197
28.900000    4.267975
29.000000    4.239289
29.100000    4.210151
29.200000    4.180573
29.300000    4.150566
29.400000    4.120142
29.500000    4.089313
29.600000    4.058090
29.700000    4.026484
29.800000    3.994508
29.900000    3.962174
30.000000    3.929492
30.100000    3.896474
30.200000    3.863132
30.300000    3.829478
30.400000    3.795522
30.500000    3.761278
30.600000    3.726756
30.700000    3.691969
30.800000    3.656927
30.900000    3.621642
31.000000    3.586126
31.100000    3.550391
31.200000    3.514448
31.300000    3.478309
31.400000    3.441985
31.500000    3.405489
31.600000    3.368831
31.700000    3.332024
31.800000    3.295078
31.900000    3.258006
32.000000    3.220820
32.100000    3.183530
32.200000    3.146149
32.300000    3.108687
32.400000    3.071158
32.500000    3.033572
32.600000    2.995941
32.700000    2.958276
32.800000    2.920590
32.900000    2.882894
33.000000    2.845199
33.100000    2.807517
33.200000    2.769861
33.300000    2.732240
33.400000    2.694667
33.500000    2.657155
33.600000    2.619713
33.700000    2.582354
33.800000    2.545090
33.900000    2.507932
34.000000    2.470892
34.100000    2.433981
34.200000    2.397211
34.300000    2.360594
34.400000    2.324141
34.500000    2.287864
34.600000    2.251774
34.700000    2.215884
34.800000    2.180205
34.900000    2.144748
35.000000    2.109525
35.100000    2.074547
35.200000    2.039827
35.300000    2.005376
35.400000    1.971205
35.500000    1.937327
35.600000    1.903752
35.700000    1.870493
35.800000    1.837561
35.900000    1.804968
36.000000    1.772725
36.100000    1.740844
36.200000    1.709336
36.300000    1.678214
36.400000    1.647488
36.500000    1.617171
36.600000    1.587274
36.700000    1.557809
36.800000    1.528787
36.900000    1.500220
37.000000    1.472119
37.100000    1.444497
37.200000    1.417365
37.300000    1.390734
37.400000    1.364616
37.500000    1.339023
37.600000    1.313966
37.700000    1.289457
37.800000    1.265508
37.900000    1.242130
38.000000    1.219335
38.100000    1.197135
38.200000    1.175540
38.300000    1.154564
38.400000    1.134216
38.500000    1.114510
38.600000    1.095456
38.700000    1.077067
38.800000    1.059353
38.900000    1.042327
39.000000    1.026000
39.100000    1.010380
39.200000    0.995463
39.300000    0.981238
39.400000    0.967698
39.500000    0.954834
39.600000    0.942637
39.700000    0.931098
39.800000    0.920208
39.900000    0.909959
40.000000    0.900342
40.100000    0.891348
40.200000    0.882968
40.300000    0.875194
40.400000    0.868016
40.500000    0.861427
40.600000    0.855417
40.700000    0.849978
40.800000    0.845100
40.900000    0.840775
41.000000    0.836995
41.100000    0.833750
41.200000    0.831031
41.300000    0.828831
41.400000    0.827140
41.500000    0.825949
41.600000    0.825249
41.700000    0.825033
41.800000    0.825291
41.900000    0.826014
42.000000    0.827194
42.100000    0.828821
42.200000    0.830888
42.300000    0.833385
42.400000    0.836303
42.500000    0.839634
42.600000    0.843369
42.700000    0.847500
42.800000    0.852017
42.900000    0.856911
43.000000    0.862175
43.100000    0.867798
43.200000    0.873773
43.300000    0.880091
43.400000    0.886742
43.500000    0.893719
43.600000    0.901012
43.700000    0.908613
43.800000    0.916512
43.900000    0.924702
44.000000    0.933172
44.100000    0.941916
44.200000    0.950923
44.300000    0.960185
44.400000    0.969693
44.500000    0.979439
44.600000    0.989413
44.700000    0.999607
44.800000    1.010013
44.900000    1.020621
45.000000    1.031422
45.100000    1.042409
45.200000    1.053571
45.300000    1.064901
45.400000    1.076390
45.500000    1.088028
45.600000    1.099807
45.700000    1.111719
45.800000    1.123754
45.900000    1.135904
46.000000    1.148160
46.100000    1.160513
46.200000    1.172954
46.300000    1.185476
46.400000    1.198068
46.500000    1.210722
46.600000    1.223430
46.700000    1.236183
46.800000    1.248971
46.900000    1.261786
47.000000    1.274620
47.100000    1.287463
47.200000    1.300308
47.300000    1.313144
47.400000    1.325963
47.500000    1.338757
47.600000    1.351517
47.700000    1.364234
47.800000    1.376899
47.900000    1.389503
48.000000    1.402039
48.100000    1.414496
48.200000    1.426866
48.300000    1.439141
48.400000    1.451311
48.500000    1.463368
48.600000    1.475303
48.700000    1.487108
48.800000    1.498773
48.900000    1.510290
49.000000    1.521651
49.100000    1.532845
49.200000    1.543865
49.300000    1.554702
49.400000    1.565346
49.500000    1.575790
49.600000    1.586024
49.700000    1.596040
49.800000    1.605829
49.900000    1.615383
50.000000    1.624691
50.100000    1.633746
50.200000    1.642539
50.300000    1.651062
50.400000    1.659304
50.500000    1.667258
50.600000    1.674915
50.700000    1.682266
50.800000    1.689303
50.900000    1.696015
51.000000    1.702396
51.100000    1.708435
51.200000    1.714125
51.300000    1.719457
51.400000    1.724420
51.500000    1.729008
51.600000    1.733211
51.700000    1.737021
51.800000    1.740428
51.900000    1.743424
52.000000    1.746000
52.100000    1.748150
52.200000    1.749877
52.300000    1.751188
52.400000    1.752089
52.500000    1.752586
52.600000    1.752685
52.700000    1.752392
52.800000    1.751714
52.900000    1.750656
53.000000    1.749224
53.100000    1.747426
53.200000    1.745267
53.300000    1.742753
53.400000    1.739890
53.500000    1.736684
53.600000    1.733142
53.700000    1.729270
53.800000    1.725074
53.900000    1.720560
54.000000    1.715734
54.100000    1.710602
54.200000    1.705171
54.300000    1.699446
54.400000    1.693434
54.500000    1.687142
54.600000    1.680574
54.700000    1.673738
54.800000    1.666639
54.900000    1.659283
55.000000    1.651677
55.100000    1.643827
55.200000    1.635739
55.300000    1.627419
55.400000    1.618874
55.500000    1.610109
55.600000    1.601130
55.700000    1.591945
55.800000    1.582558
55.900000    1.572976
56.000000    1.563205
56.100000    1.553252
56.200000    1.543122
56.300000    1.532822
56.400000    1.522358
56.500000    1.511735
56.600000    1.500961
56.700000    1.490041
56.800000    1.478981
56.900000    1.467788
57.000000    1.456468
57.100000    1.445026
57.200000    1.433470
57.300000    1.421804
57.400000    1.410036
57.500000    1.398171
57.600000    1.386216
57.700000    1.374177
57.800000    1.362059
57.900000    1.349870
58.000000    1.337615
58.100000    1.325300
58.200000    1.312931
58.300000    1.300516
58.400000    1.288059
58.500000    1.275567
58.600000    1.263046
58.700000    1.250502
58.800000    1.237942
58.900000    1.225371
59.000000    1.212796
59.100000    1.200223
59.200000    1.187657
59.300000    1.175106
59.400000    1.162576
59.500000    1.150071
59.600000    1.137599
59.700000    1.125166
59.800000    1.112778
59.900000    1.100441
60.000000    1.088161
60.100000    1.075945
60.200000    1.063798
60.300000    1.051726
60.400000    1.039737
60.500000    1.027835
60.600000    1.016027
60.700000    1.004320
60.800000    0.992719
60.900000    0.981231
61.000000    0.969861
61.100000    0.958616
61.200000    0.947502
61.300000    0.936525
61.400000    0.925692
61.500000    0.915008
61.600000    0.904479
61.700000    0.894113
61.800000    0.883914
61.900000    0.873889
62.000000    0.864045
62.100000    0.854386
62.200000    0.844921
62.300000    0.835654
62.400000    0.826591
62.500000    0.817740
62.600000    0.809106
62.700000    0.800695
62.800000    0.792513
62.900000    0.784567
63.000000    0.776862
63.100000    0.769406
63.200000    0.762203
63.300000    0.755261
63.400000    0.748585
63.500000    0.742181
63.600000    0.736056
63.700000    0.730215
63.800000    0.724666
63.900000    0.719413
64.000000    0.714464
64.100000    0.709824
64.200000    0.705500
64.300000    0.701497
64.400000    0.697822
64.500000    0.694481
64.600000    0.691480
64.700000    0.688825
64.800000    0.686523
64.900000    0.684579
65.000000    0.683000
65.100000    0.681790
65.200000    0.680945
65.300000    0.680460
65.400000    0.680330
65.500000    0.680548
65.600000    0.681110
65.700000    0.682011
65.800000    0.683244
65.900000    0.684804
66.000000    0.686686
66.100000    0.688884
66.200000    0.691393
66.300000    0.694207
66.400000    0.697321
66.500000    0.700730
66.600000    0.704428
66.700000    0.708410
66.800000    0.712669
66.900000    0.717201
67.000000    0.722001
67.100000    0.727062
67.200000    0.732379
67.300000    0.737947
67.400000    0.743761
67.500000    0.749814
67.600000    0.756102
67.700000    0.762620
67.800000    0.769360
67.900000    0.776319
68.000000    0.783490
68.100000    0.790869
68.200000    0.798449
68.300000    0.806226
68.400000    0.814193
68.500000    0.822346
68.600000    0.830679
68.700000    0.839186
68.800000    0.847862
68.900000    0.856702
69.000000    0.865700
69.100000    0.874851
69.200000    0.884149
69.300000    0.893588
69.400000    0.903164
69.500000    0.912871
69.600000    0.922703
69.700000    0.932655
69.800000    0.942721
69.900000    0.952897
70.000000    0.963176
70.100000    0.973553
70.200000    0.984023
70.300000    0.994580
70.400000    1.005219
70.500000    1.015934
70.600000    1.026720
70.700000    1.037571
70.800000    1.048482
70.900000    1.059448
71.000000    1.070463
71.100000    1.081521
71.200000    1.092617
71.300000    1.103746
71.400000    1.114903
71.500000    1.126081
71.600000    1.137275
71.700000    1.148480
71.800000    1.159691
71.900000    1.170901
72.000000    1.182106
72.100000    1.193300
72.200000    1.204478
72.300000    1.215633
72.400000    1.226761
72.500000    1.237857
72.600000    1.248914
72.700000    1.259928
72.800000    1.270892
72.900000    1.281802
73.000000    1.292652
73.100000    1.303436
73.200000    1.314149
73.300000    1.324786
73.400000    1.335340
73.500000    1.345808
73.600000    1.356183
73.700000    1.366459
73.800000    1.376632
73.900000    1.386695
74.000000    1.396644
74.100000    1.406473
74.200000    1.416177
74.300000    1.425749
74.400000    1.435185
74.500000    1.444479
74.600000    1.453626
74.700000    1.462620
74.800000    1.471456
74.900000    1.480128
75.000000    1.488630
75.100000    1.496959
75.200000    1.505107
75.300000    1.513069
75.400000    1.520841
75.500000    1.528416
75.600000    1.535789
75.700000    1.542955
75.800000    1.549908
75.900000    1.556643
76.000000    1.563155
76.100000    1.569437
76.200000    1.575484
76.300000    1.581291
76.400000    1.586853
76.500000    1.592164
76.600000    1.597218
76.700000    1.602011
76.800000    1.606536
76.900000    1.610789
77.000000    1.614763
77.100000    1.618453
77.200000    1.621854
77.300000    1.624961
77.400000    1.627768
77.500000    1.630269
77.600000    1.632459
77.700000    1.634332
77.800000    1.635884
77.900000    1.637108
78.000000    1.638000
78.100000    1.638555
78.200000    1.638776
78.300000    1.638668
78.400000    1.638236
78.500000    1.637483
78.600000    1.636414
78.700000    1.635034
78.800000    1.633347
78.900000    1.631358
79.000000    1.629071
79.100000    1.626491
79.200000    1.623623
79.300000    1.620470
79.400000    1.617037
79.500000    1.613329
79.600000    1.609351
79.700000    1.605106
79.800000    1.600599
79.900000    1.595835
80.000000    1.590819
80.100000    1.585554
80.200000    1.580045
80.300000    1.574298
80.400000    1.568315
80.500000    1.562103
80.600000    1.555664
80.700000    1.549004
80.800000    1.542128
80.900000    1.535040
81.000000    1.527743
81.100000    1.520244
81.200000    1.512545
81.300000    1.504653
81.400000    1.496571
81.500000    1.488304
81.600000    1.479855
81.700000    1.471231
81.800000    1.462435
81.900000    1.453472
82.000000    1.444346
82.100000    1.435062
82.200000    1.425624
82.300000    1.416037
82.400000    1.406305
82.500000    1.396434
82.600000    1.386426
82.700000    1.376287
82.800000    1.366022
82.900000    1.355634
83.000000    1.345129
83.100000    1.334510
83.200000    1.323783
83.300000    1.312951
83.400000    1.302020
83.500000    1.290994
83.600000    1.279877
83.700000    1.268674
83.800000    1.257389
83.900000    1.246027
84.000000    1.234592
84.100000    1.223089
84.200000    1.211522
84.300000    1.199897
84.400000    1.188216
84.500000    1.176485
84.600000    1.164709
84.700000    1.152892
84.800000    1.141038
84.900000    1.129151
85.000000    1.117237
85.100000    1.105300
85.200000    1.093344
85.300000    1.081374
85.400000    1.069395
85.500000    1.057410
85.600000    1.045424
85.700000    1.033443
85.800000    1.021469
85.900000    1.009509
86.000000    0.997566
86.100000    0.985645
86.200000    0.973750
86.300000    0.961886
86.400000    0.950057
86.500000    0.938268
86.600000    0.926523
86.700000    0.914828
86.800000    0.903185
86.900000    0.891601
87.000000    0.880079
87.100000    0.868624
87.200000    0.857240
87.300000    0.845932
87.400000    0.834704
87.500000    0.823561
87.600000    0.812508
87.700000    0.801548
87.800000    0.790687
87.900000    0.779929
88.000000    0.769278
88.100000    0.758738
88.200000    0.748316
88.300000    0.738014
88.400000    0.727837
88.500000    0.717791
88.600000    0.707878
88.700000    0.698105
88.800000    0.688475
88.900000    0.678993
89.000000    0.669663
89.100000    0.660490
89.200000    0.651479
89.300000    0.642633
89.400000    0.633958
89.500000    0.625458
89.600000    0.617137
89.700000    0.609000
89.800000    0.601051
89.900000    0.593295
90.000000    0.585737
90.100000    0.578380
90.200000    0.571230
90.300000    0.564291
90.400000    0.557567
90.500000    0.551063
90.600000    0.544784
90.700000    0.538733
90.800000    0.532916
90.900000    0.527337
91.000000    0.522000
91.100000    0.516909
91.200000    0.512062
91.300000    0.507458
91.400000    0.503093
91.500000    0.498966
91.600000    0.495075
91.700000    0.491416
91.800000    0.487987
91.900000    0.484787
92.000000    0.481812
92.100000    0.479061
92.200000    0.476531
92.300000    0.474220
92.400000    0.472125
92.500000    0.470244
92.600000    0.468575
92.700000    0.467115
92.800000    0.465862
92.900000    0.464814
93.000000    0.463968
93.100000    0.463322
93.200000    0.462873
93.300000    0.462620
93.400000    0.462560
93.500000    0.462691
93.600000    0.463009
93.700000    0.463514
93.800000    0.464202
93.900000    0.465071
94.000000    0.466119
94.100000    0.467344
94.200000    0.468742
94.300000    0.470313
94.400000    0.472053
94.500000    0.473960
94.600000    0.476031
94.700000    0.478266
94.800000    0.480660
94.900000    0.483212
95.000000    0.485919
95.100000    0.488779
95.200000    0.491790
95.300000    0.494950
95.400000    0.498255
95.500000    0.501704
95.600000    0.505294
95.700000    0.509023
95.800000    0.512889
95.900000    0.516888
96.000000    0.521020
96.100000    0.525282
96.200000    0.529670
96.300000    0.534183
96.400000    0.538819
96.500000    0.543575
96.600000    0.548449
96.700000    0.553438
96.800000    0.558541
96.900000    0.563754
97.000000    0.569076
97.100000    0.574503
97.200000    0.580035
97.300000    0.585667
97.400000    0.591399
97.500000    0.597227
97.600000    0.603150
97.700000    0.609165
97.800000    0.615269
97.900000    0.621461
98.000000    0.627737
98.100000    0.634097
98.200000    0.640536
98.300000    0.647053
98.400000    0.653646
98.500000    0.660312
98.600000    0.667049
98.700000    0.673855
98.800000    0.680726
98.900000    0.687662
99.000000    0.694659
99.100000    0.701715
99.200000    0.708828
99.300000    0.715995
99.400000    0.723214
99.500000    0.730483
99.600000    0.737800
99.700000    0.745161
99.800000    0.752565
99.900000    0.760010
100.000000    0.767492
100.100000    0.775010
100.200000    0.782562
100.300000    0.790144
100.400000    0.797755
100.500000    0.805392
100.600000    0.813054
100.700000    0.820736
100.800000    0.828438
100.900000    0.836157
101.000000    0.843890
101.100000    0.851636
101.200000    0.859391
101.300000    0.867154
101.400000    0.874922
101.500000    0.882693
101.600000    0.890464
101.700000    0.898233
101.800000    0.905998
101.900000    0.913756
102.000000    0.921506
102.100000    0.929244
102.200000    0.936968
102.300000    0.944677
102.400000    0.952367
102.500000    0.960037
102.600000    0.967683
102.700000    0.975304
102.800000    0.982897
102.900000    0.990461
103.000000    0.997992
103.100000    1.005488
103.200000    1.012947
103.300000    1.020366
103.400000    1.027744
103.500000    1.035077
103.600000    1.042364
103.700000    1.049602
103.800000    1.056789
103.900000    1.063923
104.000000    1.071000
104.100000    1.078020
104.200000    1.084981
104.300000    1.091885
104.400000    1.098731
104.500000    1.105520
104.600000    1.112252
104.700000    1.118927
104.800000    1.125545
104.900000    1.132106
105.000000    1.138612
105.100000    1.145061
105.200000    1.151454
105.300000    1.157792
105.400000    1.164074
105.500000    1.170301
105.600000    1.176473
105.700000    1.182591
105.800000    1.188654
105.900000    1.194662
106.000000    1.200617
106.100000    1.206517
106.200000    1.212364
106.300000    1.218157
106.400000    1.223898
106.500000    1.229585
106.600000    1.235219
106.700000    1.240801
106.800000    1.246330
106.900000    1.251808
107.000000    1.257233
107.100000    1.262607
107.200000    1.267929
107.300000    1.273200
107.400000    1.278420
107.500000    1.283589
107.600000    1.288707
107.700000    1.293775
107.800000    1.298793
107.900000    1.303761
108.000000    1.308679
108.100000    1.313548
108.200000    1.318367
108.300000    1.323138
108.400000    1.327859
108.500000    1.332532
108.600000    1.337156
108.700000    1.341732
108.800000    1.346260
108.900000    1.350740
109.000000    1.355173
109.100000    1.359559
109.200000    1.363897
109.300000    1.368188
109.400000    1.372433
109.500000    1.376631
109.600000    1.380783
109.700000    1.384889
109.800000    1.388949
109.900000    1.392963
110.000000    1.396933
110.100000    1.400857
110.200000    1.404736
110.300000    1.408570
110.400000    1.412360
110.500000    1.416105
110.600000    1.419806
110.700000    1.423464
110.800000    1.427078
110.900000    1.430648
111.000000    1.434176
111.100000    1.437660
111.200000    1.441101
111.300000    1.444500
111.400000    1.447857
111.500000    1.451172
111.600000    1.454444
111.700000    1.457675
111.800000    1.460865
111.900000    1.464013
112.000000    1.467120
112.100000    1.470187
112.200000    1.473213
112.300000    1.476198
112.400000    1.479144
112.500000    1.482049
112.600000    1.484915
112.700000    1.487741
112.800000    1.490528
112.900000    1.493276
113.000000    1.495985
113.100000    1.498655
113.200000    1.501287
113.300000    1.503881
113.400000    1.506437
113.500000    1.508955
113.600000    1.511436
113.700000    1.513879
113.800000    1.516285
113.900000    1.518654
114.000000    1.520987
114.100000    1.523283
114.200000    1.525543
114.300000    1.527767
114.400000    1.529955
114.500000    1.532108
114.600000    1.534225
114.700000    1.536307
114.800000    1.538354
114.900000    1.540367
115.000000    1.542345
115.100000    1.544289
115.200000    1.546198
115.300000    1.548074
115.400000    1.549916
115.500000    1.551725
115.600000    1.553501
115.700000    1.555244
115.800000    1.556954
115.900000    1.558631
116.000000    1.560277
116.100000    1.561890
116.200000    1.563471
116.300000    1.565021
116.400000    1.566539
116.500000    1.568026
116.600000    1.569482
116.700000    1.570907
116.800000    1.572301
116.900000    1.573666
117.000000    1.575000
117.100000    1.576304
117.200000    1.577577
117.300000    1.578819
117.400000    1.580028
117.500000    1.581203
117.600000    1.582343
117.700000    1.583448
117.800000    1.584517
117.900000    1.585548
118.000000    1.586541
118.100000    1.587495
118.200000    1.588409
118.300000    1.589281
118.400000    1.590112
118.500000    1.590899
118.600000    1.591643
118.700000    1.592341
118.800000    1.592994
118.900000    1.593600
119.000000    1.594159
119.100000    1.594669
119.200000    1.595130
119.300000    1.595540
119.400000    1.595898
119.500000    1.596205
119.600000    1.596458
119.700000    1.596657
119.800000    1.596801
119.900000    1.596889
120.000000    1.596920
120.100000    1.596892
120.200000    1.596807
120.300000    1.596661
120.400000    1.596455
120.500000    1.596187
120.600000    1.595856
120.700000    1.595462
120.800000    1.595003
120.900000    1.594479
121.000000    1.593889
121.100000    1.593232
121.200000    1.592506
121.300000    1.591711
121.400000    1.590847
121.500000    1.589911
121.600000    1.588903
121.700000    1.587823
121.800000    1.586668
121.900000    1.585439
122.000000    1.584135
122.100000    1.582753
122.200000    1.581295
122.300000    1.579757
122.400000    1.578141
122.500000    1.576444
122.600000    1.574666
122.700000    1.572806
122.800000    1.570862
122.900000    1.568835
123.000000    1.566722
123.100000    1.564524
123.200000    1.562239
123.300000    1.559866
123.400000    1.557404
123.500000    1.554853
123.600000    1.552211
123.700000    1.549477
123.800000    1.546651
123.900000    1.543732
124.000000    1.540718
124.100000    1.537610
124.200000    1.534405
124.300000    1.531102
124.400000    1.527702
124.500000    1.524203
124.600000    1.520604
124.700000    1.516904
124.800000    1.513102
124.900000    1.509198
125.000000    1.505190
125.100000    1.501077
125.200000    1.496859
125.300000    1.492534
125.400000    1.488102
125.500000    1.483562
125.600000    1.478912
125.700000    1.474153
125.800000    1.469282
125.900000    1.464299
126.000000    1.459203
126.100000    1.453993
126.200000    1.448668
126.300000    1.443228
126.400000    1.437670
126.500000    1.431996
126.600000    1.426202
126.700000    1.420289
126.800000    1.414256
126.900000    1.408101
127.000000    1.401824
127.100000    1.395423
127.200000    1.388899
127.300000    1.382249
127.400000    1.375473
127.500000    1.368571
127.600000    1.361540
127.700000    1.354380
127.800000    1.347091
127.900000    1.339671
128.000000    1.332119
128.100000    1.324435
128.200000    1.316617
128.300000    1.308665
128.400000    1.300577
128.500000    1.292353
128.600000    1.283992
128.700000    1.275493
128.800000    1.266854
128.900000    1.258076
129.000000    1.249156
129.100000    1.240094
129.200000    1.230890
129.300000    1.221542
129.400000    1.212049
129.500000    1.202410
129.600000    1.192625
129.700000    1.182693
129.800000    1.172611
129.900000    1.162381
130.000000    1.152000
130.100000    1.141469
130.200000    1.130791
130.300000    1.119972
130.400000    1.109015
130.500000    1.097926
130.600000    1.086710
130.700000    1.075371
130.800000    1.063914
130.900000    1.052343
131.000000    1.040664
131.100000    1.028882
131.200000    1.017000
131.300000    1.005024
131.400000    0.992958
131.500000    0.980807
131.600000    0.968577
131.700000    0.956271
131.800000    0.943894
131.900000    0.931451
132.000000    0.918948
132.100000    0.906388
132.200000    0.893776
132.300000    0.881118
132.400000    0.868417
132.500000    0.855680
132.600000    0.842909
132.700000    0.830111
132.800000    0.817289
132.900000    0.804449
133.000000    0.791595
133.100000    0.778733
133.200000    0.765866
133.300000    0.753000
133.400000    0.740139
133.500000    0.727288
133.600000    0.714452
133.700000    0.701636
133.800000    0.688844
133.900000    0.676081
134.000000    0.663352
134.100000    0.650661
134.200000    0.638014
134.300000    0.625414
134.400000    0.612868
134.500000    0.600379
134.600000    0.587952
134.700000    0.575592
134.800000    0.563304
134.900000    0.551093
135.000000    0.538963
135.100000    0.526918
135.200000    0.514965
135.300000    0.503107
135.400000    0.491349
135.500000    0.479696
135.600000    0.468153
135.700000    0.456724
135.800000    0.445415
135.900000    0.434229
136.000000    0.423172
136.100000    0.412249
136.200000    0.401464
136.300000    0.390821
136.400000    0.380327
136.500000    0.369985
136.600000    0.359800
136.700000    0.349777
136.800000    0.339920
136.900000    0.330235
137.000000    0.320726
137.100000    0.311398
137.200000    0.302256
137.300000    0.293304
137.400000    0.284547
137.500000    0.275990
137.600000    0.267638
137.700000    0.259495
137.800000    0.251566
137.900000    0.243856
138.000000    0.236369
138.100000    0.229111
138.200000    0.222086
138.300000    0.215299
138.400000    0.208755
138.500000    0.202457
138.600000    0.196412
138.700000    0.190624
138.800000    0.185097
138.900000    0.179836
139.000000    0.174847
139.100000    0.170133
139.200000    0.165700
139.300000    0.161552
139.400000    0.157694
139.500000    0.154131
139.600000    0.150868
139.700000    0.147908
139.800000    0.145258
139.900000    0.142922
140.000000    0.140904
140.100000    0.139209
140.200000    0.137842
140.300000    0.136808
140.400000    0.136111
140.500000    0.135757
140.600000    0.135750
140.700000    0.136094
140.800000    0.136795
140.900000    0.137857
141.000000    0.139285
141.100000    0.141083
141.200000    0.143257
141.300000    0.145812
141.400000    0.148751
141.500000    0.152080
141.600000    0.155803
141.700000    0.159925
141.800000    0.164452
141.900000    0.169387
142.000000    0.174735
142.100000    0.180502
142.200000    0.186691
142.300000    0.193308
142.400000    0.200358
142.500000    0.207844
142.600000    0.215773
142.700000    0.224148
142.800000    0.232974
142.900000    0.242257
143.000000    0.252000
143.100000    0.262207
143.200000    0.272870
143.300000    0.283982
143.400000    0.295533
143.500000    0.307514
143.600000    0.319917
143.700000    0.332733
143.800000    0.345953
143.900000    0.359568
144.000000    0.373570
144.100000    0.387950
144.200000    0.402699
144.300000    0.417808
144.400000    0.433268
144.500000    0.449071
144.600000    0.465208
144.700000    0.481670
144.800000    0.498449
144.900000    0.515535
145.000000    0.532919
145.100000    0.550594
145.200000    0.568550
145.300000    0.586778
145.400000    0.605270
145.500000    0.624017
145.600000    0.643010
145.700000    0.662240
145.800000    0.681699
145.900000    0.701378
146.000000    0.721267
146.100000    0.741359
146.200000    0.761644
146.300000    0.782114
146.400000    0.802759
146.500000    0.823572
146.600000    0.844543
146.700000    0.865663
146.800000    0.886924
146.900000    0.908317
147.000000    0.929833
147.100000    0.951464
147.200000    0.973200
147.300000    0.995033
147.400000    1.016954
147.500000    1.038955
147.600000    1.061025
147.700000    1.083158
147.800000    1.105343
147.900000    1.127573
148.000000    1.149838
148.100000    1.172129
148.200000    1.194439
148.300000    1.216757
148.400000    1.239075
148.500000    1.261385
148.600000    1.283678
148.700000    1.305945
148.800000    1.328176
148.900000    1.350364
149.000000    1.372500
149.100000    1.394574
149.200000    1.416579
149.300000    1.438504
149.400000    1.460342
149.500000    1.482084
149.600000    1.503720
149.700000    1.525243
149.800000    1.546643
149.900000    1.567911
150.000000    1.589039
150.100000    1.610018
150.200000    1.630840
150.300000    1.651495
150.400000    1.671974
150.500000    1.692269
150.600000    1.712371
150.700000    1.732272
150.800000    1.751962
150.900000    1.771433
151.000000    1.790676
151.100000    1.809682
151.200000    1.828442
151.300000    1.846948
151.400000    1.865191
151.500000    1.883161
151.600000    1.900851
151.700000    1.918252
151.800000    1.935354
151.900000    1.952149
152.000000    1.968629
152.100000    1.984783
152.200000    2.000605
152.300000    2.016084
152.400000    2.031212
152.500000    2.045980
152.600000    2.060380
152.700000    2.074402
152.800000    2.088039
152.900000    2.101280
153.000000    2.114118
153.100000    2.126543
153.200000    2.138548
153.300000    2.150122
153.400000    2.161257
153.500000    2.171945
153.600000    2.182176
153.700000    2.191943
153.800000    2.201235
153.900000    2.210045
154.000000    2.218363
154.100000    2.226181
154.200000    2.233490
154.300000    2.240281
154.400000    2.246546
154.500000    2.252275
154.600000    2.257461
154.700000    2.262093
154.800000    2.266163
154.900000    2.269663
155.000000    2.272584
155.100000    2.274917
155.200000    2.276653
155.300000    2.277783
155.400000    2.278299
155.500000    2.278191
155.600000    2.277452
155.700000    2.276072
155.800000    2.274043
155.900000    2.271355
156.000000    2.268000
156.100000    2.263973
156.200000    2.259280
156.300000    2.253933
156.400000    2.247942
156.500000    2.241319
156.600000    2.234073
156.700000    2.226216
156.800000    2.217759
156.900000    2.208711
157.000000    2.199084
157.100000    2.188889
157.200000    2.178135
157.300000    2.166835
157.400000    2.154999
157.500000    2.142637
157.600000    2.129760
157.700000    2.116380
157.800000    2.102506
157.900000    2.088149
158.000000    2.073320
158.100000    2.058031
158.200000    2.042291
158.300000    2.026112
158.400000    2.009503
158.500000    1.992477
158.600000    1.975043
158.700000    1.957212
158.800000    1.938995
158.900000    1.920404
159.000000    1.901447
159.100000    1.882138
159.200000    1.862485
159.300000    1.842499
159.400000    1.822193
159.500000    1.801575
159.600000    1.780658
159.700000    1.759451
159.800000    1.737966
159.900000    1.716213
160.000000    1.694203
160.100000    1.671946
160.200000    1.649454
160.300000    1.626737
160.400000    1.603806
160.500000    1.580671
160.600000    1.557344
160.700000    1.533835
160.800000    1.510155
160.900000    1.486314
161.000000    1.462324
161.100000    1.438194
161.200000    1.413937
161.300000    1.389562
161.400000    1.365080
161.500000    1.340502
161.600000    1.315839
161.700000    1.291101
161.800000    1.266300
161.900000    1.241445
162.000000    1.216549
162.100000    1.191620
162.200000    1.166671
162.300000    1.141712
162.400000    1.116753
162.500000    1.091805
162.600000    1.066880
162.700000    1.041988
162.800000    1.017139
162.900000    0.992344
163.000000    0.967615
163.100000    0.942961
163.200000    0.918394
163.300000    0.893924
163.400000    0.869562
163.500000    0.845319
163.600000    0.821206
163.700000    0.797232
163.800000    0.773410
163.900000    0.749749
164.000000    0.726261
164.100000    0.702955
164.200000    0.679844
164.300000    0.656938
164.400000    0.634246
164.500000    0.611781
164.600000    0.589553
164.700000    0.567572
164.800000    0.545850
164.900000    0.524397
165.000000    0.503223
165.100000    0.482340
165.200000    0.461759
165.300000    0.441489
165.400000    0.421542
165.500000    0.401929
165.600000    0.382660
165.700000    0.363746
165.800000    0.345198
165.900000    0.327026
166.000000    0.309241
166.100000    0.291854
166.200000    0.274876
166.300000    0.258317
166.400000    0.242188
166.500000    0.226501
166.600000    0.211265
166.700000    0.196491
166.800000    0.182190
166.900000    0.168373
167.000000    0.155051
167.100000    0.142234
167.200000    0.129933
167.300000    0.118159
167.400000    0.106922
167.500000    0.096234
167.600000    0.086104
167.700000    0.076545
167.800000    0.067565
167.900000    0.059177
168.000000    0.051391
168.100000    0.044218
168.200000    0.037668
168.300000    0.031752
168.400000    0.026481
168.500000    0.021866
168.600000    0.017917
168.700000    0.014645
168.800000    0.012061
168.900000    0.010176
169.000000    0.009000
169.100000    0.008541
169.200000    0.008791
169.300000    0.009741
169.400000    0.011380
169.500000    0.013698
169.600000    0.016685
169.700000    0.020330
169.800000    0.024623
169.900000    0.029554
170.000000    0.035113
170.100000    0.041290
170.200000    0.048073
170.300000    0.055453
170.400000    0.063420
170.500000    0.071963
170.600000    0.081072
170.700000    0.090737
170.800000    0.100948
170.900000    0.111693
171.000000    0.122964
171.100000    0.134749
171.200000    0.147038
171.300000    0.159822
171.400000    0.173090
171.500000    0.186831
171.600000    0.201036
171.700000    0.215693
171.800000    0.230794
171.900000    0.246326
172.000000    0.262282
172.100000    0.278649
172.200000    0.295418
172.300000    0.312578
172.400000    0.330120
172.500000    0.348032
172.600000    0.366305
172.700000    0.384929
172.800000    0.403892
172.900000    0.423185
173.000000    0.442798
173.100000    0.462721
173.200000    0.482942
173.300000    0.503452
173.400000    0.524241
173.500000    0.545297
173.600000    0.566612
173.700000    0.588174
173.800000    0.609974
173.900000    0.632001
174.000000    0.654245
174.100000    0.676695
174.200000    0.699342
174.300000    0.722175
174.400000    0.745184
174.500000    0.768358
174.600000    0.791687
174.700000    0.815162
174.800000    0.838771
174.900000    0.862504
175.000000    0.886352
175.100000    0.910304
175.200000    0.934349
175.300000    0.958478
175.400000    0.982680
175.500000    1.006944
175.600000    1.031262
175.700000    1.055621
175.800000    1.080013
175.900000    1.104426
176.000000    1.128851
176.100000    1.153277
176.200000    1.177694
176.300000    1.202092
176.400000    1.226460
176.500000    1.250788
176.600000    1.275066
176.700000    1.299284
176.800000    1.323431
176.900000    1.347497
177.000000    1.371472
177.100000    1.395346
177.200000    1.419107
177.300000    1.442747
177.400000    1.466255
177.500000    1.489620
177.600000    1.512832
177.700000    1.535881
177.800000    1.558757
177.900000    1.581449
178.000000    1.603947
178.100000    1.626241
178.200000    1.648321
178.300000    1.670176
178.400000    1.691796
178.500000    1.713170
178.600000    1.734290
178.700000    1.755143
178.800000    1.775720
178.900000    1.796012
179.000000    1.816006
179.100000    1.835694
179.200000    1.855064
179.300000    1.874108
179.400000    1.892813
179.500000    1.911171
179.600000    1.929170
179.700000    1.946801
179.800000    1.964054
179.900000    1.980917
180.000000    1.997381
180.100000    2.013435
180.200000    2.029070
180.300000    2.044274
180.400000    2.059039
180.500000    2.073352
180.600000    2.087205
180.700000    2.100587
180.800000    2.113487
180.900000    2.125895
181.000000    2.137802
181.100000    2.149196
181.200000    2.160068
181.300000    2.170407
181.400000    2.180203
181.500000    2.189446
181.600000    2.198125
181.700000    2.206230
181.800000    2.213751
181.900000    2.220678
182.000000    2.227000
182.100000    2.232710
182.200000    2.237813
182.300000    2.242316
182.400000    2.246227
182.500000    2.249554
182.600000    2.252304
182.700000    2.254485
182.800000    2.256104
182.900000    2.257169
183.000000    2.257688
183.100000    2.257668
183.200000    2.257117
183.300000    2.256042
183.400000    2.254452
183.500000    2.252353
183.600000    2.249754
183.700000    2.246662
183.800000    2.243084
183.900000    2.239029
184.000000    2.234503
184.100000    2.229515
184.200000    2.224072
184.300000    2.218182
184.400000    2.211852
184.500000    2.205090
184.600000    2.197903
184.700000    2.190300
184.800000    2.182288
184.900000    2.173873
185.000000    2.165065
185.100000    2.155871
185.200000    2.146298
185.300000    2.136354
185.400000    2.126046
185.500000    2.115383
185.600000    2.104371
185.700000    2.093018
185.800000    2.081333
185.900000    2.069322
186.000000    2.056994
186.100000    2.044355
186.200000    2.031414
186.300000    2.018178
186.400000    2.004654
186.500000    1.990851
186.600000    1.976776
186.700000    1.962436
186.800000    1.947840
186.900000    1.932994
187.000000    1.917907
187.100000    1.902586
187.200000    1.887039
187.300000    1.871272
187.400000    1.855295
187.500000    1.839115
187.600000    1.822738
187.700000    1.806173
187.800000    1.789428
187.900000    1.772509
188.000000    1.755425
188.100000    1.738184
188.200000    1.720792
188.300000    1.703258
188.400000    1.685589
188.500000    1.667792
188.600000    1.649876
188.700000    1.631848
188.800000    1.613715
188.900000    1.595486
189.000000    1.577167
189.100000    1.558767
189.200000    1.540293
189.300000    1.521753
189.400000    1.503154
189.500000    1.484503
189.600000    1.465810
189.700000    1.447080
189.800000    1.428322
189.900000    1.409544
190.000000    1.390753
190.100000    1.371956
190.200000    1.353161
190.300000    1.334377
190.400000    1.315609
190.500000    1.296867
190.600000    1.278158
190.700000    1.259489
190.800000    1.240868
190.900000    1.222302
191.000000    1.203800
191.100000    1.185369
191.200000    1.167016
191.300000    1.148749
191.400000    1.130575
191.500000    1.112503
191.600000    1.094540
191.700000    1.076694
191.800000    1.058971
191.900000    1.041381
192.000000    1.023929
192.100000    1.006625
192.200000    0.989476
192.300000    0.972488
192.400000    0.955671
192.500000    0.939031
192.600000    0.922576
192.700000    0.906314
192.800000    0.890252
192.900000    0.874398
193.000000    0.858760
193.100000    0.843345
193.200000    0.828160
193.300000    0.813214
193.400000    0.798515
193.500000    0.784069
193.600000    0.769884
193.700000    0.755968
193.800000    0.742329
193.900000    0.728973
194.000000    0.715910
194.100000    0.703146
194.200000    0.690689
194.300000    0.678547
194.400000    0.666727
194.500000    0.655236
194.600000    0.644084
194.700000    0.633276
194.800000    0.622821
194.900000    0.612727
195.000000    0.603000
195.100000    0.593647
195.200000    0.584666
195.300000    0.576052
195.400000    0.567802
195.500000    0.559911
195.600000    0.552376
195.700000    0.545193
195.800000    0.538357
195.900000    0.531865
196.000000    0.525712
196.100000    0.519895
196.200000    0.514409
196.300000    0.509251
196.400000    0.504416
196.500000    0.499902
196.600000    0.495702
196.700000    0.491814
196.800000    0.488234
196.900000    0.484957
197.000000    0.481980
197.100000    0.479298
197.200000    0.476908
197.300000    0.474806
197.400000    0.472987
197.500000    0.471447
197.600000    0.470183
197.700000    0.469191
197.800000    0.468466
197.900000    0.468004
198.000000    0.467803
198.100000    0.467856
198.200000    0.468161
198.300000    0.468714
198.400000    0.469510
198.500000    0.470546
198.600000    0.471817
198.700000    0.473320
198.800000    0.475050
198.900000    0.477004
199.000000    0.479177
199.100000    0.481566
199.200000    0.484166
199.300000    0.486973
199.400000    0.489985
199.500000    0.493195
199.600000    0.496601
199.700000    0.500199
199.800000    0.503984
199.900000    0.507953
200.000000    0.512101
200.100000    0.516424
200.200000    0.520919
200.300000    0.525582
200.400000    0.530408
200.500000    0.535393
200.600000    0.540534
200.700000    0.545826
200.800000    0.551266
200.900000    0.556849
201.000000    0.562572
201.100000    0.568430
201.200000    0.574420
201.300000    0.580537
201.400000    0.586777
201.500000    0.593137
201.600000    0.599612
201.700000    0.606199
201.800000    0.612893
201.900000    0.619691
202.000000    0.626588
202.100000    0.633580
202.200000    0.640664
202.300000    0.647836
202.400000    0.655091
202.500000    0.662425
202.600000    0.669834
202.700000    0.677315
202.800000    0.684864
202.900000    0.692476
203.000000    0.700147
203.100000    0.707873
203.200000    0.715651
203.300000    0.723477
203.400000    0.731346
203.500000    0.739254
203.600000    0.747198
203.700000    0.755173
203.800000    0.763175
203.900000    0.771201
204.000000    0.779246
204.100000    0.787306
204.200000    0.795378
204.300000    0.803458
204.400000    0.811540
204.500000    0.819622
204.600000    0.827700
204.700000    0.835769
204.800000    0.843825
204.900000    0.851864
205.000000    0.859883
205.100000    0.867877
205.200000    0.875843
205.300000    0.883776
205.400000    0.891672
205.500000    0.899528
205.600000    0.907339
205.700000    0.915101
205.800000    0.922811
205.900000    0.930464
206.000000    0.938056
206.100000    0.945584
206.200000    0.953043
206.300000    0.960429
206.400000    0.967739
206.500000    0.974968
206.600000    0.982112
206.700000    0.989168
206.800000    0.996131
206.900000    1.002997
207.000000    1.009762
207.100000    1.016423
207.200000    1.022976
207.300000    1.029415
207.400000    1.035738
207.500000    1.041940
207.600000    1.048017
207.700000    1.053966
207.800000    1.059782
207.900000    1.065461
208.000000    1.071000
208.100000    1.076395
208.200000    1.081646
208.300000    1.086756
208.400000    1.091726
208.500000    1.096558
208.600000    1.101252
208.700000    1.105811
208.800000    1.110236
208.900000    1.114529
209.000000    1.118691
209.100000    1.122724
209.200000    1.126629
209.300000    1.130408
209.400000    1.134062
209.500000    1.137593
209.600000    1.141003
209.700000    1.144292
209.800000    1.147464
209.900000    1.150518
210.000000    1.153457
210.100000    1.156282
210.200000    1.158995
210.300000    1.161598
210.400000    1.164091
210.500000    1.166476
210.600000    1.168756
210.700000    1.170931
210.800000    1.173003
210.900000    1.174973
211.000000    1.176844
211.100000    1.178617
211.200000    1.180292
211.300000    1.181872
211.400000    1.183359
211.500000    1.184754
211.600000    1.186058
211.700000    1.187272
211.800000    1.188400
211.900000    1.189441
212.000000    1.190398
212.100000    1.191272
212.200000    1.192065
212.300000    1.192778
212.400000    1.193413
212.500000    1.193971
212.600000    1.194454
212.700000    1.194863
212.800000    1.195201
212.900000    1.195467
213.000000    1.195665
213.100000    1.195796
213.200000    1.195860
213.300000    1.195861
213.400000    1.195798
213.500000    1.195674
213.600000    1.195491
213.700000    1.195249
213.800000    1.194951
213.900000    1.194598
214.000000    1.194192
214.100000    1.193733
214.200000    1.193224
214.300000    1.192666
214.400000    1.192061
214.500000    1.191410
214.600000    1.190715
214.700000    1.189977
214.800000    1.189198
214.900000    1.188380
215.000000    1.187523
215.100000    1.186630
215.200000    1.185702
215.300000    1.184741
215.400000    1.183747
215.500000    1.182724
215.600000    1.181671
215.700000    1.180592
215.800000    1.179487
215.900000    1.178358
216.000000    1.177206
216.100000    1.176033
216.200000    1.174840
216.300000    1.173630
216.400000    1.172403
216.500000    1.171162
216.600000    1.169907
216.700000    1.168640
216.800000    1.167364
216.900000    1.166078
217.000000    1.164786
217.100000    1.163488
217.200000    1.162185
217.300000    1.160881
217.400000    1.159575
217.500000    1.158270
217.600000    1.156968
217.700000    1.155668
217.800000    1.154375
217.900000    1.153088
218.000000    1.151809
218.100000    1.150540
218.200000    1.149283
218.300000    1.148039
218.400000    1.146809
218.500000    1.145595
218.600000    1.144399
218.700000    1.143222
218.800000    1.142066
218.900000    1.140932
219.000000    1.139822
219.100000    1.138737
219.200000    1.137679
219.300000    1.136650
219.400000    1.135650
219.500000    1.134682
219.600000    1.133748
219.700000    1.132847
219.800000    1.131983
219.900000    1.131157
220.000000    1.130370
220.100000    1.129624
220.200000    1.128920
220.300000    1.128260
220.400000    1.127646
220.500000    1.127078
220.600000    1.126559
220.700000    1.126090
220.800000    1.125673
220.900000    1.125309
221.000000    1.125000
221.100000    1.124746
221.200000    1.124548
221.300000    1.124403
221.400000    1.124309
221.500000    1.124266
221.600000    1.124273
221.700000    1.124326
221.800000    1.124426
221.900000    1.124571
222.000000    1.124759
222.100000    1.124989
222.200000    1.125259
222.300000    1.125568
222.400000    1.125915
222.500000    1.126297
222.600000    1.126715
222.700000    1.127165
222.800000    1.127647
222.900000    1.128160
223.000000    1.128701
223.100000    1.129270
223.200000    1.129864
223.300000    1.130483
223.400000    1.131126
223.500000    1.131789
223.600000    1.132473
223.700000    1.133176
223.800000    1.133896
223.900000    1.134631
224.000000    1.135382
224.100000    1.136145
224.200000    1.136919
224.300000    1.137704
224.400000    1.138497
224.500000    1.139297
224.600000    1.140103
224.700000    1.140914
224.800000    1.141727
224.900000    1.142542
225.000000    1.143356
225.100000    1.144169
225.200000    1.144979
225.300000    1.145785
225.400000    1.146585
225.500000    1.147377
225.600000    1.148161
225.700000    1.148935
225.800000    1.149697
225.900000    1.150445
226.000000    1.151180
226.100000    1.151898
226.200000    1.152599
226.300000    1.153282
226.400000    1.153944
226.500000    1.154584
226.600000    1.155201
226.700000    1.155793
226.800000    1.156360
226.900000    1.156899
227.000000    1.157408
227.100000    1.157888
227.200000    1.158336
227.300000    1.158750
227.400000    1.159130
227.500000    1.159473
227.600000    1.159779
227.700000    1.160046
227.800000    1.160272
227.900000    1.160456
228.000000    1.160597
228.100000    1.160693
228.200000    1.160743
228.300000    1.160745
228.400000    1.160698
228.500000    1.160600
228.600000    1.160451
228.700000    1.160247
228.800000    1.159989
228.900000    1.159674
229.000000    1.159302
229.100000    1.158870
229.200000    1.158378
229.300000    1.157823
229.400000    1.157204
229.500000    1.156521
229.600000    1.155771
229.700000    1.154953
229.800000    1.154066
229.900000    1.153108
230.000000    1.152078
230.100000    1.150973
230.200000    1.149794
230.300000    1.148538
230.400000    1.147204
230.500000    1.145791
230.600000    1.144296
230.700000    1.142719
230.800000    1.141058
230.900000    1.139312
231.000000    1.137480
231.100000    1.135559
231.200000    1.133548
231.300000    1.131447
231.400000    1.129252
231.500000    1.126964
231.600000    1.124581
231.700000    1.122100
231.800000    1.119522
231.900000    1.116843
232.000000    1.114064
232.100000    1.111182
232.200000    1.108195
232.300000    1.105104
232.400000    1.101905
232.500000    1.098598
232.600000    1.095181
232.700000    1.091653
232.800000    1.088012
232.900000    1.084256
233.000000    1.080386
233.100000    1.076398
233.200000    1.072291
233.300000    1.068065
233.400000    1.063717
233.500000    1.059246
233.600000    1.054652
233.700000    1.049931
233.800000    1.045083
233.900000    1.040107
234.000000    1.035000
234.100000    1.029763
234.200000    1.024397
234.300000    1.018907
234.400000    1.013296
234.500000    1.007568
234.600000    1.001724
234.700000    0.995770
234.800000    0.989709
234.900000    0.983544
235.000000    0.977278
235.100000    0.970915
235.200000    0.964458
235.300000    0.957912
235.400000    0.951278
235.500000    0.944562
235.600000    0.937765
235.700000    0.930892
235.800000    0.923946
235.900000    0.916931
236.000000    0.909850
236.100000    0.902706
236.200000    0.895502
236.300000    0.888244
236.400000    0.880932
236.500000    0.873573
236.600000    0.866167
236.700000    0.858720
236.800000    0.851234
236.900000    0.843713
237.000000    0.836161
237.100000    0.828581
237.200000    0.820975
237.300000    0.813349
237.400000    0.805705
237.500000    0.798046
237.600000    0.790376
237.700000    0.782699
237.800000    0.775018
237.900000    0.767337
238.000000    0.759658
238.100000    0.751985
238.200000    0.744323
238.300000    0.736673
238.400000    0.729040
238.500000    0.721427
238.600000    0.713838
238.700000    0.706276
238.800000    0.698744
238.900000    0.691246
239.000000    0.683785
239.100000    0.676366
239.200000    0.668990
239.300000    0.661662
239.400000    0.654385
239.500000    0.647163
239.600000    0.639998
239.700000    0.632895
239.800000    0.625857
239.900000    0.618888
240.000000    0.611990
240.100000    0.605167
240.200000    0.598423
240.300000    0.591761
240.400000    0.585185
240.500000    0.578697
240.600000    0.572302
240.700000    0.566003
240.800000    0.559804
240.900000    0.553707
241.000000    0.547716
241.100000    0.541835
241.200000    0.536067
241.300000    0.530416
241.400000    0.524885
241.500000    0.519477
241.600000    0.514196
241.700000    0.509046
241.800000    0.504029
241.900000    0.499149
242.000000    0.494411
242.100000    0.489816
242.200000    0.485369
242.300000    0.481073
242.400000    0.476931
242.500000    0.472948
242.600000    0.469125
242.700000    0.465468
242.800000    0.461979
242.900000    0.458661
243.000000    0.455519
243.100000    0.452555
243.200000    0.449773
243.300000    0.447177
243.400000    0.444770
243.500000    0.442555
243.600000    0.440535
243.700000    0.438716
243.800000    0.437098
243.900000    0.435687
244.000000    0.434486
244.100000    0.433498
244.200000    0.432726
244.300000    0.432174
244.400000    0.431845
244.500000    0.431744
244.600000    0.431872
244.700000    0.432235
244.800000    0.432834
244.900000    0.433674
245.000000    0.434758
245.100000    0.436090
245.200000    0.437672
245.300000    0.439509
245.400000    0.441604
245.500000    0.443960
245.600000    0.446581
245.700000    0.449470
245.800000    0.452631
245.900000    0.456067
246.000000    0.459781
246.100000    0.463777
246.200000    0.468059
246.300000    0.472629
246.400000    0.477492
246.500000    0.482651
246.600000    0.488108
246.700000    0.493869
246.800000    0.499935
246.900000    0.506311
247.000000    0.513000
247.100000    0.520004
247.200000    0.527319
247.300000    0.534939
247.400000    0.542859
247.500000    0.551073
247.600000    0.559577
247.700000    0.568364
247.800000    0.577428
247.900000    0.586765
248.000000    0.596369
248.100000    0.606234
248.200000    0.616355
248.300000    0.626727
248.400000    0.637343
248.500000    0.648199
248.600000    0.659289
248.700000    0.670606
248.800000    0.682147
248.900000    0.693905
249.000000    0.705875
249.100000    0.718051
249.200000    0.730428
249.300000    0.743000
249.400000    0.755762
249.500000    0.768709
249.600000    0.781834
249.700000    0.795132
249.800000    0.808599
249.900000    0.822227
250.000000    0.836012
250.100000    0.849949
250.200000    0.864031
250.300000    0.878254
250.400000    0.892611
250.500000    0.907098
250.600000    0.921708
250.700000    0.936437
250.800000    0.951278
250.900000    0.966226
251.000000    0.981276
251.100000    0.996423
251.200000    1.011660
251.300000    1.026982
251.400000    1.042384
251.500000    1.057861
251.600000    1.073405
251.700000    1.089014
251.800000    1.104679
251.900000    1.120397
252.000000    1.136162
252.100000    1.151968
252.200000    1.167809
252.300000    1.183681
252.400000    1.199577
252.500000    1.215492
252.600000    1.231421
252.700000    1.247358
252.800000    1.263298
252.900000    1.279235
253.000000    1.295163
253.100000    1.311078
253.200000    1.326973
253.300000    1.342844
253.400000    1.358684
253.500000    1.374488
253.600000    1.390250
253.700000    1.405966
253.800000    1.421629
253.900000    1.437234
254.000000    1.452776
254.100000    1.468249
254.200000    1.483648
254.300000    1.498966
254.400000    1.514199
254.500000    1.529341
254.600000    1.544387
254.700000    1.559331
254.800000    1.574167
254.900000    1.588890
255.000000    1.603495
255.100000    1.617976
255.200000    1.632327
255.300000    1.646543
255.400000    1.660619
255.500000    1.674549
255.600000    1.688327
255.700000    1.701948
255.800000    1.715407
255.900000    1.728698
256.000000    1.741815
256.100000    1.754753
256.200000    1.767506
256.300000    1.780070
256.400000    1.792438
256.500000    1.804605
256.600000    1.816565
256.700000    1.828313
256.800000    1.839844
256.900000    1.851151
257.000000    1.862230
257.100000    1.873075
257.200000    1.883680
257.300000    1.894041
257.400000    1.904150
257.500000    1.914004
257.600000    1.923595
257.700000    1.932920
257.800000    1.941972
257.900000    1.950746
258.000000    1.959236
258.100000    1.967438
258.200000    1.975344
258.300000    1.982950
258.400000    1.990251
258.500000    1.997241
258.600000    2.003913
258.700000    2.010264
258.800000    2.016287
258.900000    2.021977
259.000000    2.027328
259.100000    2.032335
259.200000    2.036992
259.300000    2.041294
259.400000    2.045235
259.500000    2.048811
259.600000    2.052014
259.700000    2.054840
259.800000    2.057283
259.900000    2.059339
260.000000    2.061000
260.100000    2.062264
260.200000    2.063134
260.300000    2.063616
260.400000    2.063714
260.500000    2.063434
260.600000    2.062782
260.700000    2.061762
260.800000    2.060380
260.900000    2.058642
261.000000    2.056553
261.100000    2.054117
261.200000    2.051341
261.300000    2.048229
261.400000    2.044788
261.500000    2.041022
261.600000    2.036936
261.700000    2.032537
261.800000    2.027828
261.900000    2.022817
262.000000    2.017507
262.100000    2.011905
262.200000    2.006015
262.300000    1.999843
262.400000    1.993395
262.500000    1.986675
262.600000    1.979689
262.700000    1.972442
262.800000    1.964940
262.900000    1.957188
263.000000    1.949191
263.100000    1.940954
263.200000    1.932484
263.300000    1.923784
263.400000    1.914861
263.500000    1.905720
263.600000    1.896367
263.700000    1.886805
263.800000    1.877042
263.900000    1.867082
264.000000    1.856930
264.100000    1.846592
264.200000    1.836073
264.300000    1.825379
264.400000    1.814514
264.500000    1.803485
264.600000    1.792296
264.700000    1.780953
264.800000    1.769461
264.900000    1.757825
265.000000    1.746051
265.100000    1.734144
265.200000    1.722110
265.300000    1.709953
265.400000    1.697680
265.500000    1.685295
265.600000    1.672803
265.700000    1.660211
265.800000    1.647523
265.900000    1.634745
266.000000    1.621882
266.100000    1.608939
266.200000    1.595922
266.300000    1.582835
266.400000    1.569686
266.500000    1.556477
266.600000    1.543216
266.700000    1.529907
266.800000    1.516556
266.900000    1.503168
267.000000    1.489748
267.100000    1.476302
267.200000    1.462834
267.300000    1.449351
267.400000    1.435858
267.500000    1.422359
267.600000    1.408861
267.700000    1.395368
267.800000    1.381887
267.900000    1.368421
268.000000    1.354977
268.100000    1.341560
268.200000    1.328175
268.300000    1.314828
268.400000    1.301524
268.500000    1.288267
268.600000    1.275065
268.700000    1.261921
268.800000    1.248841
268.900000    1.235831
269.000000    1.222896
269.100000    1.210041
269.200000    1.197271
269.300000    1.184592
269.400000    1.172009
269.500000    1.159528
269.600000    1.147154
269.700000    1.134891
269.800000    1.122747
269.900000    1.110725
270.000000    1.098831
270.100000    1.087070
270.200000    1.075448
270.300000    1.063971
270.400000    1.052642
270.500000    1.041469
270.600000    1.030455
270.700000    1.019607
270.800000    1.008930
270.900000    0.998428
271.000000    0.988108
271.100000    0.977975
271.200000    0.968034
271.300000    0.958290
271.400000    0.948749
271.500000    0.939415
271.600000    0.930296
271.700000    0.921394
271.800000    0.912717
271.900000    0.904269
272.000000    0.896056
272.100000    0.888083
272.200000    0.880355
272.300000    0.872877
272.400000    0.865656
272.500000    0.858695
272.600000    0.852002
272.700000    0.845580
272.800000    0.839436
272.900000    0.833574
273.000000    0.828000
273.100000    0.822718
273.200000    0.817725
273.300000    0.813018
273.400000    0.808592
273.500000    0.804445
273.600000    0.800571
273.700000    0.796968
273.800000    0.793631
273.900000    0.790557
274.000000    0.787741
274.100000    0.785180
274.200000    0.782871
274.300000    0.780808
274.400000    0.778989
274.500000    0.777410
274.600000    0.776067
274.700000    0.774955
274.800000    0.774071
274.900000    0.773412
275.000000    0.772973
275.100000    0.772751
275.200000    0.772741
275.300000    0.772941
275.400000    0.773345
275.500000    0.773951
275.600000    0.774754
275.700000    0.775751
275.800000    0.776938
275.900000    0.778310
276.000000    0.779865
276.100000    0.781598
276.200000    0.783505
276.300000    0.785583
276.400000    0.787828
276.500000    0.790235
276.600000    0.792802
276.700000    0.795524
276.800000    0.798398
276.900000    0.801419
277.000000    0.804584
277.100000    0.807888
277.200000    0.811329
277.300000    0.814903
277.400000    0.818604
277.500000    0.822431
277.600000    0.826378
277.700000    0.830442
277.800000    0.834619
277.900000    0.838906
278.000000    0.843298
278.100000    0.847791
278.200000    0.852383
278.300000    0.857068
278.400000    0.861844
278.500000    0.866706
278.600000    0.871650
278.700000    0.876673
278.800000    0.881771
278.900000    0.886939
279.000000    0.892175
279.100000    0.897474
279.200000    0.902833
279.300000    0.908247
279.400000    0.913713
279.500000    0.919228
279.600000    0.924786
279.700000    0.930384
279.800000    0.936020
279.900000    0.941687
280.000000    0.947384
280.100000    0.953105
280.200000    0.958848
280.300000    0.964608
280.400000    0.970382
280.500000    0.976165
280.600000    0.981954
280.700000    0.987745
280.800000    0.993534
280.900000    0.999318
281.000000    1.005092
281.100000    1.010852
281.200000    1.016596
281.300000    1.022319
281.400000    1.028016
281.500000    1.033685
281.600000    1.039322
281.700000    1.044922
281.800000    1.050482
281.900000    1.055999
282.000000    1.061467
282.100000    1.066884
282.200000    1.072245
282.300000    1.077547
282.400000    1.082785
282.500000    1.087957
282.600000    1.093058
282.700000    1.098085
282.800000    1.103032
282.900000    1.107898
283.000000    1.112677
283.100000    1.117367
283.200000    1.121962
283.300000    1.126460
283.400000    1.130857
283.500000    1.135148
283.600000    1.139330
283.700000    1.143400
283.800000    1.147352
283.900000    1.151184
284.000000    1.154891
284.100000    1.158470
284.200000    1.161917
284.300000    1.165228
284.400000    1.168399
284.500000    1.171427
284.600000    1.174307
284.700000    1.177035
284.800000    1.179609
284.900000    1.182024
285.000000    1.184276
285.100000    1.186361
285.200000    1.188276
285.300000    1.190017
285.400000    1.191579
285.500000    1.192960
285.600000    1.194155
285.700000    1.195160
285.800000    1.195972
285.900000    1.196587
286.000000    1.197000
286.100000    1.197210
286.200000    1.197218
286.300000    1.197030
286.400000    1.196647
286.500000    1.196075
286.600000    1.195316
286.700000    1.194376
286.800000    1.193256
286.900000    1.191962
287.000000    1.190496
287.100000    1.188864
287.200000    1.187067
287.300000    1.185111
287.400000    1.182999
287.500000    1.180734
287.600000    1.178321
287.700000    1.175763
287.800000    1.173064
287.900000    1.170228
288.000000    1.167258
288.100000    1.164159
288.200000    1.160933
288.300000    1.157585
288.400000    1.154119
288.500000    1.150538
288.600000    1.146846
288.700000    1.143047
288.800000    1.139144
288.900000    1.135142
289.000000    1.131043
289.100000    1.126853
289.200000    1.122574
289.300000    1.118211
289.400000    1.113766
289.500000    1.109244
289.600000    1.104649
289.700000    1.099985
289.800000    1.095254
289.900000    1.090462
290.000000    1.085611
290.100000    1.080705
290.200000    1.075749
290.300000    1.070745
290.400000    1.065698
290.500000    1.060612
290.600000    1.055490
290.700000    1.050335
290.800000    1.045153
290.900000    1.039946
291.000000    1.034718
291.100000    1.029473
291.200000    1.024215
291.300000    1.018947
291.400000    1.013674
291.500000    1.008398
291.600000    1.003125
291.700000    0.997857
291.800000    0.992598
291.900000    0.987352
292.000000    0.982123
292.100000    0.976915
292.200000    0.971731
292.300000    0.966575
292.400000    0.961451
292.500000    0.956362
292.600000    0.951313
292.700000    0.946307
292.800000    0.941348
292.900000    0.936439
293.000000    0.931585
293.100000    0.926789
293.200000    0.922055
293.300000    0.917386
293.400000    0.912787
293.500000    0.908262
293.600000    0.903813
293.700000    0.899444
293.800000    0.895161
293.900000    0.890965
294.000000    0.886862
294.100000    0.882854
294.200000    0.878945
294.300000    0.875140
294.400000    0.871442
294.500000    0.867855
294.600000    0.864382
294.700000    0.861027
294.800000    0.857795
294.900000    0.854688
295.000000    0.851711
295.100000    0.848867
295.200000    0.846160
295.300000    0.843594
295.400000    0.841173
295.500000    0.838900
295.600000    0.836779
295.700000    0.834814
295.800000    0.833008
295.900000    0.831366
296.000000    0.829891
296.100000    0.828587
296.200000    0.827458
296.300000    0.826507
296.400000    0.825738
296.500000    0.825155
296.600000    0.824762
296.700000    0.824562
296.800000    0.824559
296.900000    0.824757
297.000000    0.825161
297.100000    0.825772
297.200000    0.826596
297.300000    0.827636
297.400000    0.828895
297.500000    0.830378
297.600000    0.832088
297.700000    0.834030
297.800000    0.836206
297.900000    0.838621
298.000000    0.841277
298.100000    0.844180
298.200000    0.847333
298.300000    0.850740
298.400000    0.854403
298.500000    0.858328
298.600000    0.862518
298.700000    0.866976
298.800000    0.871707
298.900000    0.876713
299.000000    0.882000
299.100000    0.887569
299.200000    0.893416
299.300000    0.899535
299.400000    0.905922
299.500000    0.912570
299.600000    0.919474
299.700000    0.926629
299.800000    0.934030
299.900000    0.941670
300.000000    0.949544
300.100000    0.957646
300.200000    0.965972
300.300000    0.974516
300.400000    0.983271
300.500000    0.992234
300.600000    1.001397
300.700000    1.010756
300.800000    1.020305
300.900000    1.030039
301.000000    1.039953
301.100000    1.050039
301.200000    1.060294
301.300000    1.070712
301.400000    1.081287
301.500000    1.092013
301.600000    1.102886
301.700000    1.113899
301.800000    1.125048
301.900000    1.136326
302.000000    1.147728
302.100000    1.159249
302.200000    1.170884
302.300000    1.182626
302.400000    1.194470
302.500000    1.206411
302.600000    1.218443
302.700000    1.230560
302.800000    1.242758
302.900000    1.255031
303.000000    1.267373
303.100000    1.279778
303.200000    1.292242
303.300000    1.304758
303.400000    1.317322
303.500000    1.329927
303.600000    1.342569
303.700000    1.355241
303.800000    1.367938
303.900000    1.380655
304.000000    1.393387
304.100000    1.406127
304.200000    1.418870
304.300000    1.431611
304.400000    1.444344
304.500000    1.457064
304.600000    1.469765
304.700000    1.482442
304.800000    1.495089
304.900000    1.507701
305.000000    1.520272
305.100000    1.532797
305.200000    1.545270
305.300000    1.557686
305.400000    1.570039
305.500000    1.582324
305.600000    1.594535
305.700000    1.606666
305.800000    1.618713
305.900000    1.630670
306.000000    1.642531
306.100000    1.654290
306.200000    1.665943
306.300000    1.677484
306.400000    1.688907
306.500000    1.700207
306.600000    1.711378
306.700000    1.722414
306.800000    1.733311
306.900000    1.744063
307.000000    1.754664
307.100000    1.765109
307.200000    1.775392
307.300000    1.785507
307.400000    1.795450
307.500000    1.805215
307.600000    1.814796
307.700000    1.824188
307.800000    1.833385
307.900000    1.842382
308.000000    1.851173
308.100000    1.859753
308.200000    1.868116
308.300000    1.876257
308.400000    1.884170
308.500000    1.891850
308.600000    1.899292
308.700000    1.906489
308.800000    1.913436
308.900000    1.920128
309.000000    1.926560
309.100000    1.932725
309.200000    1.938618
309.300000    1.944235
309.400000    1.949568
309.500000    1.954614
309.600000    1.959365
309.700000    1.963818
309.800000    1.967966
309.900000    1.971803
310.000000    1.975325
310.100000    1.978526
310.200000    1.981400
310.300000    1.983942
310.400000    1.986146
310.500000    1.988007
310.600000    1.989519
310.700000    1.990677
310.800000    1.991476
310.900000    1.991909
311.000000    1.991972
311.100000    1.991658
311.200000    1.990963
311.300000    1.989880
311.400000    1.988405
311.500000    1.986532
311.600000    1.984255
311.700000    1.981569
311.800000    1.978468
311.900000    1.974947
312.000000    1.971000
312.100000    1.966624
312.200000    1.961824
312.300000    1.956606
312.400000    1.950976
312.500000    1.944941
312.600000    1.938509
312.700000    1.931685
312.800000    1.924476
312.900000    1.916889
313.000000    1.908930
313.100000    1.900606
313.200000    1.891924
313.300000    1.882890
313.400000    1.873510
313.500000    1.863792
313.600000    1.853742
313.700000    1.843367
313.800000    1.832672
313.900000    1.821666
314.000000    1.810354
314.100000    1.798743
314.200000    1.786839
314.300000    1.774650
314.400000    1.762182
314.500000    1.749441
314.600000    1.736435
314.700000    1.723169
314.800000    1.709650
314.900000    1.695885
315.000000    1.681881
315.100000    1.667644
315.200000    1.653180
315.300000    1.638497
315.400000    1.623601
315.500000    1.608499
315.600000    1.593196
315.700000    1.577701
315.800000    1.562019
315.900000    1.546156
316.000000    1.530121
316.100000    1.513919
316.200000    1.497556
316.300000    1.481040
316.400000    1.464377
316.500000    1.447574
316.600000    1.430637
316.700000    1.413573
316.800000    1.396388
316.900000    1.379090
317.000000    1.361684
317.100000    1.344178
317.200000    1.326577
317.300000    1.308889
317.400000    1.291120
317.500000    1.273277
317.600000    1.255367
317.700000    1.237395
317.800000    1.219369
317.900000    1.201295
318.000000    1.183180
318.100000    1.165031
318.200000    1.146853
318.300000    1.128654
318.400000    1.110440
318.500000    1.092219
318.600000    1.073995
318.700000    1.055777
318.800000    1.037570
318.900000    1.019382
319.000000    1.001219
319.100000    0.983087
319.200000    0.964993
319.300000    0.946945
319.400000    0.928947
319.500000    0.911007
319.600000    0.893132
319.700000    0.875329
319.800000    0.857603
319.900000    0.839961
320.000000    0.822410
320.100000    0.804957
320.200000    0.787609
320.300000    0.770371
320.400000    0.753250
320.500000    0.736254
320.600000    0.719388
320.700000    0.702660
320.800000    0.686075
320.900000    0.669641
321.000000    0.653364
321.100000    0.637251
321.200000    0.621308
321.300000    0.605542
321.400000    0.589960
321.500000    0.574567
321.600000    0.559372
321.700000    0.544380
321.800000    0.529598
321.900000    0.515032
322.000000    0.500690
322.100000    0.486578
322.200000    0.472702
322.300000    0.459069
322.400000    0.445685
322.500000    0.432558
322.600000    0.419694
322.700000    0.407099
322.800000    0.394781
322.900000    0.382745
323.000000    0.370998
323.100000    0.359547
323.200000    0.348399
323.300000    0.337560
323.400000    0.327037
323.500000    0.316836
323.600000    0.306964
323.700000    0.297428
323.800000    0.288234
323.900000    0.279388
324.000000    0.270898
324.100000    0.262770
324.200000    0.255011
324.300000    0.247627
324.400000    0.240625
324.500000    0.234011
324.600000    0.227792
324.700000    0.221975
324.800000    0.216566
324.900000    0.211572
325.000000    0.207000
325.100000    0.202854
325.200000    0.199133
325.300000    0.195834
325.400000    0.192952
325.500000    0.190486
325.600000    0.188431
325.700000    0.186785
325.800000    0.185544
325.900000    0.184704
326.000000    0.184263
326.100000    0.184217
326.200000    0.184563
326.300000    0.185298
326.400000    0.186418
326.500000    0.187920
326.600000    0.189800
326.700000    0.192056
326.800000    0.194685
326.900000    0.197682
327.000000    0.201044
327.100000    0.204769
327.200000    0.208853
327.300000    0.213293
327.400000    0.218084
327.500000    0.223225
327.600000    0.228712
327.700000    0.234541
327.800000    0.240710
327.900000    0.247214
328.000000    0.254051
328.100000    0.261217
328.200000    0.268709
328.300000    0.276525
328.400000    0.284659
328.500000    0.293110
328.600000    0.301873
328.700000    0.310946
328.800000    0.320325
328.900000    0.330008
329.000000    0.339990
329.100000    0.350268
329.200000    0.360839
329.300000    0.371701
329.400000    0.382848
329.500000    0.394279
329.600000    0.405990
329.700000    0.417978
329.800000    0.430239
329.900000    0.442769
330.000000    0.455567
330.100000    0.468628
330.200000    0.481949
330.300000    0.495528
330.400000    0.509359
330.500000    0.523441
330.600000    0.537770
330.700000    0.552343
330.800000    0.567156
330.900000    0.582206
331.000000    0.597490
331.100000    0.613005
331.200000    0.628746
331.300000    0.644712
331.400000    0.660898
331.500000    0.677302
331.600000    0.693920
331.700000    0.710748
331.800000    0.727784
331.900000    0.745025
332.000000    0.762466
332.100000    0.780104
332.200000    0.797937
332.300000    0.815961
332.400000    0.834173
332.500000    0.852569
332.600000    0.871146
332.700000    0.889901
332.800000    0.908831
332.900000    0.927932
333.000000    0.947200
333.100000    0.966634
333.200000    0.986229
333.300000    1.005981
333.400000    1.025889
333.500000    1.045948
333.600000    1.066156
333.700000    1.086508
333.800000    1.107002
333.900000    1.127634
334.000000    1.148401
334.100000    1.169300
334.200000    1.190327
334.300000    1.211480
334.400000    1.232754
334.500000    1.254147
334.600000    1.275655
334.700000    1.297275
334.800000    1.319004
334.900000    1.340838
335.000000    1.362775
335.100000    1.384810
335.200000    1.406940
335.300000    1.429163
335.400000    1.451475
335.500000    1.473872
335.600000    1.496352
335.700000    1.518910
335.800000    1.541545
335.900000    1.564252
336.000000    1.587028
336.100000    1.609870
336.200000    1.632774
336.300000    1.655738
336.400000    1.678758
336.500000    1.701830
336.600000    1.724952
336.700000    1.748120
336.800000    1.771331
336.900000    1.794581
337.000000    1.817867
337.100000    1.841187
337.200000    1.864536
337.300000    1.887911
337.400000    1.911310
337.500000    1.934728
337.600000    1.958162
337.700000    1.981610
337.800000    2.005068
337.900000    2.028532
338.000000    2.052000
