           6          21   9.75331886E-07
           7          25   9.16116448E-07
           8          28   9.65582217E-07
           9          31   9.18497051E-07
          10          33   9.46373291E-07
          11          35   9.32499859E-07
          12          37   8.67458141E-07
          13          39   7.28923112E-07
          14          40   8.77306150E-07
          15          41   9.75059379E-07
          16          43   7.55646795E-07
          17          44   8.14944713E-07
          18          45   8.79862398E-07
          19          46   9.02899899E-07
          20          47   8.95891503E-07
          21          48   9.35127048E-07
          22          49   9.26279370E-07
          23          50   9.30641932E-07
          24          51   9.16896056E-07
          25          52   9.72632961E-07
          26          53   9.43608654E-07
          27          54   8.77047057E-07
          28          55   8.57641510E-07
          29          56   8.27470785E-07
          30          57   8.30799195E-07
          31          58   8.04151341E-07
          32          58   9.93558160E-07
          33          59   9.67153255E-07
          34          60   9.21110484E-07
          35          61   8.94571826E-07
          36          62   8.19947559E-07
          37          63   8.21017920E-07
          38          64   7.36732432E-07
          39          64   9.41020517E-07
          40          65   9.04398064E-07
          41          66   8.57222744E-07
          42          67   8.41550445E-07
          43          68   8.18129138E-07
          44          69   8.04867625E-07
          45          70   8.16156955E-07
          46          71   8.43451971E-07
          47          72   8.87372607E-07
          48          73   9.45784564E-07
          49          75   8.44114993E-07
          50          76   9.21002652E-07
          51          77   9.97486040E-07
          52          79   9.10425456E-07
          53          80   9.89387104E-07
          54          82   8.68832387E-07
          55          83   9.69087864E-07
          56          85   8.67601955E-07
          57          86   9.29042471E-07
          58          87   9.82348411E-07
          59          89   8.59144791E-07
          60          90   9.19886247E-07
          61          91   9.74889758E-07
          62          93   8.61734804E-07
          63          94   9.13052588E-07
          64          95   9.81491894E-07
          65          97   8.61660112E-07
          66          98   9.25546146E-07
          67          99   9.43799478E-07
          68         100   9.89552973E-07
          69         102   8.66294329E-07
          70         103   9.12720736E-07
          71         104   9.50435037E-07
          72         105   9.94572815E-07
          73         107   8.61311037E-07
          74         108   9.03973785E-07
          75         109   9.21163689E-07
          76         110   9.56524218E-07
          77         111   9.80667323E-07
          78         112   9.99593567E-07
          79         114   8.63475464E-07
          80         115   8.78399987E-07
          81         116   8.90748368E-07
          82         117   9.10305744E-07
          83         118   9.16370425E-07
          84         119   9.26043811E-07
          85         120   9.36352194E-07
          86         121   9.41640792E-07
          87         122   9.35941102E-07
          88         123   9.30361523E-07
          89         124   9.33044703E-07
          90         125   9.19881302E-07
          91         126   9.10186145E-07
          92         127   8.95052665E-07
          93         128   8.79603817E-07
          94         129   8.73845522E-07
          95         130   8.34882826E-07
          96         130   9.77523200E-07
          97         131   9.45654563E-07
          98         132   9.11080065E-07
          99         133   8.75367050E-07
         100         133   9.90793296E-07
         101         134   9.42391239E-07
         102         135   8.98019266E-07
         103         136   8.54177074E-07
         104         136   9.51718675E-07
         105         137   8.91533830E-07
         106         137   9.98624273E-07
         107         138   9.28360805E-07
         108         139   8.61181150E-07
         109         139   9.52458208E-07
         110         140   8.76283764E-07
         111         140   9.54850748E-07
         112         141   8.82172571E-07
         113         141   9.60074203E-07
         114         142   8.73142085E-07
         115         142   9.37861557E-07
         116         143   8.58693454E-07
         117         143   9.16369686E-07
         118         143   9.86278337E-07
         119         144   8.95666915E-07
         120         144   9.45243642E-07
         121         145   8.34605032E-07
         122         145   8.89508044E-07
         123         145   9.35968558E-07
         124         145   9.87390536E-07
         125         146   8.76976060E-07
         126         146   9.22791003E-07
         127         146   9.71078066E-07
         128         147   8.47084436E-07
         129         147   8.89799651E-07
         130         147   9.25598101E-07
         131         147   9.69952566E-07
         132         148   8.46951025E-07
         133         148   8.79169704E-07
         134         148   9.21245146E-07
         135         148   9.49911907E-07
         136         148   9.92878540E-07
         137         149   8.52905202E-07
         138         149   8.83722294E-07
         139         149   9.16359227E-07
         140         149   9.53935569E-07
         141         150   8.32010414E-07
         142         150   8.69708572E-07
         143         150   9.04960018E-07
         144         150   9.54441248E-07
         145         151   8.40560233E-07
         146         151   8.81545020E-07
         147         151   9.31893510E-07
         148         151   9.80572054E-07
         149         152   8.96833512E-07
         150         152   9.46392561E-07
         151         153   8.54902964E-07
         152         153   9.08784671E-07
         153         153   9.71013264E-07
         154         154   8.95682945E-07
         155         154   9.58277155E-07
         156         155   8.90330682E-07
         157         155   9.58713485E-07
         158         156   8.99151814E-07
         159         156   9.62597483E-07
         160         157   9.10428014E-07
         161         157   9.72116482E-07
         162         158   9.26328767E-07
         163         158   9.91686875E-07
         164         159   9.36863330E-07
         165         160   8.85891779E-07
         166         160   9.47646186E-07
         167         161   8.99600025E-07
         168         161   9.65606091E-07
         169         162   9.13281610E-07
         170         162   9.76224783E-07
         171         163   9.21645210E-07
         172         163   9.87076987E-07
         173         164   9.40209304E-07
         174         165   8.80749838E-07
         175         165   9.45372904E-07
         176         166   8.90583294E-07
         177         166   9.53637311E-07
         178         167   9.08960146E-07
         179         167   9.69211783E-07
         180         168   9.12553730E-07
         181         168   9.81526910E-07
         182         169   9.26262999E-07
         183         169   9.98454425E-07
         184         170   9.44695159E-07
         185         171   8.89019759E-07
         186         171   9.55937253E-07
         187         172   9.05782770E-07
         188         172   9.77430432E-07
         189         173   9.24917174E-07
         190         174   8.71702014E-07
         191         174   9.40388702E-07
         192         175   8.87992542E-07
         193         175   9.64526748E-07
         194         176   9.08456741E-07
         195         176   9.88175088E-07
         196         177   9.37669029E-07
         197         178   8.80740743E-07
         198         178   9.62923878E-07
         199         179   9.08970947E-07
         200         179   9.98333121E-07
         201         180   9.46659043E-07
         202         181   8.88960983E-07
         203         181   9.72971293E-07
         204         182   9.24516939E-07
         205         183   8.68922996E-07
         206         183   9.54145207E-07
         207         184   9.05394415E-07
         208         184   9.96478434E-07
         209         185   9.37374864E-07
         210         186   8.86631540E-07
         211         186   9.76059710E-07
         212         187   9.26685800E-07
         213         188   8.69580049E-07
         214         188   9.60459374E-07
         215         189   9.09683592E-07
         216         190   8.62164200E-07
         217         190   9.50544916E-07
         218         191   9.03990554E-07
         219         191   9.98655992E-07
         220         192   9.42068823E-07
         221         193   8.91202603E-07
         222         193   9.80202799E-07
         223         194   9.30805470E-07
         224         195   8.78088997E-07
         225         195   9.70290444E-07
         226         196   9.14904376E-07
         227         197   8.67711833E-07
         228         197   9.65698405E-07
         229         198   9.05020158E-07
         230         199   8.53431175E-07
         231         199   9.54363713E-07
         232         200   8.94742755E-07
         233         200   9.94808602E-07
         234         201   9.41518863E-07
         235         202   8.89209048E-07
         236         202   9.90400167E-07
         237         203   9.34540310E-07
         238         204   8.86457940E-07
         239         204   9.77921104E-07
         240         205   9.22764343E-07
         241         206   8.77624984E-07
         242         206   9.67686901E-07
         243         207   9.14735665E-07
         244         208   8.66084463E-07
         245         208   9.59725298E-07
         246         209   9.06351318E-07
         247         210   8.57508837E-07
         248         210   9.55408268E-07
         249         211   8.96851532E-07
         250         211   9.98028668E-07
         251         212   9.43702275E-07
         252         213   8.89997580E-07
         253         213   9.91283514E-07
         254         214   9.33802255E-07
         255         215   8.90520653E-07
         256         215   9.78343110E-07
         257         216   9.27350527E-07
         258         217   8.75430089E-07
         259         217   9.73606006E-07
         260         218   9.22833920E-07
         261         219   8.65711172E-07
         262         219   9.59446311E-07
         263         220   9.08763411E-07
         264         221   8.58366036E-07
         265         221   9.52528183E-07
         266         222   8.99944496E-07
         267         222   9.93472895E-07
         268         223   9.38176356E-07
         269         224   8.89387707E-07
         270         224   9.82142637E-07
         271         225   9.29087037E-07
         272         226   8.80455787E-07
         273         226   9.77064587E-07
         274         227   9.17230921E-07
         275         228   8.69186636E-07
         276         228   9.57214866E-07
         277         229   9.01562828E-07
         278         229   9.93774734E-07
         279         230   9.42735767E-07
         280         231   8.92932064E-07
         281         231   9.89460318E-07
         282         232   9.35449521E-07
         283         233   8.82576273E-07
         284         233   9.74260843E-07
         285         234   9.19580941E-07
         286         235   8.68176642E-07
         287         235   9.64887363E-07
         288         236   9.09216226E-07
         289         237   8.65796210E-07
         290         237   9.51936045E-07
         291         238   8.95210462E-07
         292         238   9.95692403E-07
         293         239   9.29475220E-07
         294         240   8.84337567E-07
         295         240   9.78114144E-07
         296         241   9.27125029E-07
         297         242   8.67991901E-07
         298         242   9.58170062E-07
         299         243   9.00786063E-07
         300         243   9.97665552E-07
         301         244   9.47841329E-07
         302         245   8.95091205E-07
         303         245   9.86721147E-07
         304         246   9.30882493E-07
         305         247   8.75706348E-07
         306         247   9.66298671E-07
         307         248   9.12634164E-07
         308         249   8.67556082E-07
         309         249   9.59582735E-07
         310         250   9.05873264E-07
         311         250   9.92141395E-07
         312         251   9.44549697E-07
         313         252   8.92894150E-07
         314         252   9.79745323E-07
         315         253   9.25707809E-07
         316         254   8.72509816E-07
         317         254   9.59255317E-07
         318         255   9.16413796E-07
         319         256   8.62142770E-07
         320         256   9.45582713E-07
         321         257   8.98869075E-07
         322         257   9.88838337E-07
         323         258   9.27364454E-07
         324         259   8.83165058E-07
         325         259   9.65468303E-07
         326         260   9.16918964E-07
         327         261   8.68814539E-07
