# CONTADOR                 ERRO
0000000000001              1.803885E+02
0000000000002              1.873211E+02
0000000000003              1.950934E+02
0000000000004              2.035748E+02
0000000000005              2.126927E+02
0000000000006              2.224038E+02
0000000000007              2.326854E+02
0000000000008              2.435297E+02
0000000000009              2.549342E+02
0000000000010              2.669127E+02
0000000000011              2.794883E+02
0000000000012              2.926672E+02
0000000000013              3.064789E+02
0000000000014              3.209490E+02
0000000000015              3.361057E+02
0000000000016              3.519794E+02
0000000000017              3.686162E+02
0000000000018              3.860082E+02
0000000000019              4.042505E+02
0000000000020              4.233147E+02
0000000000021              4.433135E+02
0000000000022              4.642076E+02
0000000000023              4.861036E+02
0000000000024              5.090256E+02
0000000000025              5.330211E+02
0000000000026              5.581394E+02
0000000000027              5.844322E+02
0000000000028              6.119534E+02
0000000000029              6.407595E+02
0000000000030              6.709095E+02
0000000000031              7.024093E+02
0000000000032              7.354305E+02
0000000000033              7.699881E+02
0000000000034              8.061519E+02
0000000000035              8.439948E+02
0000000000036              8.835924E+02
0000000000037              9.250250E+02
0000000000038              9.682759E+02
0000000000039              1.013624E+03
0000000000040              1.061065E+03
0000000000041              1.110693E+03
0000000000042              1.162605E+03
0000000000043              1.216753E+03
0000000000044              1.273535E+03
0000000000045              1.332919E+03
0000000000046              1.395018E+03
0000000000047              1.459739E+03
0000000000048              1.527623E+03
0000000000049              1.598593E+03
0000000000050              1.672783E+03
0000000000051              1.750039E+03
0000000000052              1.831080E+03
0000000000053              1.915772E+03
0000000000054              2.004269E+03
0000000000055              2.096338E+03
0000000000056              2.192924E+03
0000000000057              2.293812E+03
0000000000058              2.399182E+03
0000000000059              2.509217E+03
0000000000060              2.624106E+03
0000000000061              2.743497E+03
0000000000062              2.868678E+03
0000000000063              2.999319E+03
0000000000064              3.135635E+03
0000000000065              3.277847E+03
0000000000066              3.426180E+03
0000000000067              3.580868E+03
0000000000068              3.742149E+03
0000000000069              3.910268E+03
0000000000070              4.086119E+03
0000000000071              4.268677E+03
0000000000072              4.458837E+03
0000000000073              4.656864E+03
0000000000074              4.863027E+03
0000000000075              5.077600E+03
0000000000076              5.300858E+03
0000000000077              5.533674E+03
0000000000078              5.775150E+03
0000000000079              6.026157E+03
0000000000080              6.286976E+03
0000000000081              6.557892E+03
0000000000082              6.839187E+03
0000000000083              7.131138E+03
0000000000084              7.434022E+03
0000000000085              7.748642E+03
0000000000086              8.074206E+03
0000000000087              8.411494E+03
0000000000088              8.760756E+03
0000000000089              9.122229E+03
0000000000090              9.496137E+03
0000000000091              9.882683E+03
0000000000092              1.028206E+04
0000000000093              1.069444E+04
0000000000094              1.111998E+04
0000000000095              1.155878E+04
0000000000096              1.201096E+04
0000000000097              1.247658E+04
0000000000098              1.295567E+04
0000000000099              1.344824E+04
0000000000100              1.395424E+04
0000000000101              1.447358E+04
0000000000102              1.500615E+04
0000000000103              1.555177E+04
0000000000104              1.611022E+04
0000000000105              1.668121E+04
0000000000106              1.726440E+04
0000000000107              1.785942E+04
0000000000108              1.846578E+04
0000000000109              1.908298E+04
0000000000110              1.971043E+04
0000000000111              2.034704E+04
0000000000112              2.099294E+04
0000000000113              2.164688E+04
0000000000114              2.230799E+04
0000000000115              2.297534E+04
0000000000116              2.364788E+04
0000000000117              2.432453E+04
0000000000118              2.500412E+04
0000000000119              2.568541E+04
0000000000120              2.636678E+04
0000000000121              2.704751E+04
0000000000122              2.772582E+04
0000000000123              2.840023E+04
0000000000124              2.906920E+04
0000000000125              2.973113E+04
0000000000126              3.038417E+04
0000000000127              3.102716E+04
0000000000128              3.165814E+04
0000000000129              3.227540E+04
0000000000130              3.287707E+04
0000000000131              3.346183E+04
0000000000132              3.402778E+04
0000000000133              3.457323E+04
0000000000134              3.509642E+04
0000000000135              3.559603E+04
0000000000136              3.607034E+04
0000000000137              3.651780E+04
0000000000138              3.693718E+04
0000000000139              3.732702E+04
0000000000140              3.768608E+04
0000000000141              3.801326E+04
0000000000142              3.830750E+04
0000000000143              3.856790E+04
0000000000144              3.879360E+04
0000000000145              3.898394E+04
0000000000146              3.913846E+04
0000000000147              3.925659E+04
0000000000148              3.933826E+04
0000000000149              3.938307E+04
0000000000150              3.939111E+04
0000000000151              3.936275E+04
0000000000152              3.929784E+04
0000000000153              3.919721E+04
0000000000154              3.906091E+04
0000000000155              3.889011E+04
0000000000156              3.868500E+04
0000000000157              3.844705E+04
0000000000158              3.817659E+04
0000000000159              3.787538E+04
0000000000160              3.754384E+04
0000000000161              3.718397E+04
0000000000162              3.679627E+04
0000000000163              3.638295E+04
0000000000164              3.594502E+04
0000000000165              3.548340E+04
0000000000166              3.500060E+04
0000000000167              3.449709E+04
0000000000168              3.397548E+04
0000000000169              3.343678E+04
0000000000170              3.288189E+04
0000000000171              3.231359E+04
0000000000172              3.173213E+04
0000000000173              3.114027E+04
0000000000174              3.053888E+04
0000000000175              2.992864E+04
0000000000176              2.931237E+04
0000000000177              2.869000E+04
0000000000178              2.806429E+04
0000000000179              2.743578E+04
0000000000180              2.680489E+04
0000000000181              2.617431E+04
0000000000182              2.554441E+04
0000000000183              2.491536E+04
0000000000184              2.428979E+04
0000000000185              2.366782E+04
0000000000186              2.304943E+04
0000000000187              2.243715E+04
0000000000188              2.183089E+04
0000000000189              2.123042E+04
0000000000190              2.063814E+04
0000000000191              2.005377E+04
0000000000192              1.947691E+04
0000000000193              1.890983E+04
0000000000194              1.835209E+04
0000000000195              1.780309E+04
0000000000196              1.726502E+04
0000000000197              1.673726E+04
0000000000198              1.621909E+04
0000000000199              1.571259E+04
0000000000200              1.521609E+04
0000000000201              1.473149E+04
0000000000202              1.425803E+04
0000000000203              1.379487E+04
0000000000204              1.334380E+04
0000000000205              1.290396E+04
0000000000206              1.247448E+04
0000000000207              1.205700E+04
0000000000208              1.164983E+04
0000000000209              1.125449E+04
0000000000210              1.086931E+04
0000000000211              1.049569E+04
0000000000212              1.013204E+04
0000000000213              9.779628E+03
0000000000214              9.436945E+03
0000000000215              9.105131E+03
0000000000216              8.782751E+03
0000000000217              8.470843E+03
0000000000218              8.168043E+03
0000000000219              7.875287E+03
0000000000220              7.591292E+03
0000000000221              7.316897E+03
0000000000222              7.050893E+03
0000000000223              6.793604E+03
0000000000224              6.545201E+03
0000000000225              6.304652E+03
0000000000226              6.072535E+03
0000000000227              5.847884E+03
0000000000228              5.631216E+03
0000000000229              5.421626E+03
0000000000230              5.219276E+03
0000000000231              5.024221E+03
0000000000232              4.835695E+03
0000000000233              4.654041E+03
0000000000234              4.478542E+03
0000000000235              4.309283E+03
0000000000236              4.146259E+03
0000000000237              3.988873E+03
0000000000238              3.837334E+03
0000000000239              3.691088E+03
0000000000240              3.550158E+03
0000000000241              3.414511E+03
0000000000242              3.283677E+03
0000000000243              3.157653E+03
0000000000244              3.036388E+03
0000000000245              2.919489E+03
0000000000246              2.807030E+03
0000000000247              2.698648E+03
0000000000248              2.594314E+03
0000000000249              2.493966E+03
0000000000250              2.397298E+03
0000000000251              2.304270E+03
0000000000252              2.214813E+03
0000000000253              2.128672E+03
0000000000254              2.045851E+03
0000000000255              1.966115E+03
0000000000256              1.889415E+03
0000000000257              1.815683E+03
0000000000258              1.744721E+03
0000000000259              1.676476E+03
0000000000260              1.610879E+03
0000000000261              1.547766E+03
0000000000262              1.487082E+03
0000000000263              1.428760E+03
0000000000264              1.372661E+03
0000000000265              1.318750E+03
0000000000266              1.266901E+03
0000000000267              1.217062E+03
0000000000268              1.169171E+03
0000000000269              1.123122E+03
0000000000270              1.078864E+03
0000000000271              1.036339E+03
0000000000272              9.954575E+02
0000000000273              9.561711E+02
0000000000274              9.184254E+02
0000000000275              8.821459E+02
0000000000276              8.472913E+02
0000000000277              8.137933E+02
0000000000278              7.816074E+02
0000000000279              7.506874E+02
0000000000280              7.209752E+02
0000000000281              6.924297E+02
0000000000282              6.650077E+02
0000000000283              6.386606E+02
0000000000284              6.133501E+02
0000000000285              5.890363E+02
0000000000286              5.656788E+02
0000000000287              5.432415E+02
0000000000288              5.216887E+02
0000000000289              5.009855E+02
0000000000290              4.810991E+02
0000000000291              4.619977E+02
0000000000292              4.436509E+02
0000000000293              4.260281E+02
0000000000294              4.091025E+02
0000000000295              3.928465E+02
0000000000296              3.772321E+02
0000000000297              3.622368E+02
0000000000298              3.478352E+02
0000000000299              3.340024E+02
0000000000300              3.207190E+02
0000000000301              3.079604E+02
0000000000302              2.957090E+02
0000000000303              2.839434E+02
0000000000304              2.726428E+02
0000000000305              2.617920E+02
0000000000306              2.513719E+02
0000000000307              2.413636E+02
0000000000308              2.317543E+02
0000000000309              2.225266E+02
0000000000310              2.136637E+02
0000000000311              2.051546E+02
0000000000312              1.969819E+02
0000000000313              1.891356E+02
0000000000314              1.816012E+02
0000000000315              1.743647E+02
0000000000316              1.674175E+02
0000000000317              1.607467E+02
0000000000318              1.543396E+02
0000000000319              1.481889E+02
0000000000320              1.422829E+02
0000000000321              1.366105E+02
0000000000322              1.311653E+02
0000000000323              1.259368E+02
0000000000324              1.209151E+02
0000000000325              1.160946E+02
0000000000326              1.114648E+02
0000000000327              1.070206E+02
0000000000328              1.027534E+02
0000000000329              9.865500E+01
0000000000330              9.472094E+01
0000000000331              9.094363E+01
0000000000332              8.731577E+01
0000000000333              8.383347E+01
0000000000334              8.048896E+01
0000000000335              7.727866E+01
0000000000336              7.419630E+01
0000000000337              7.123591E+01
0000000000338              6.839440E+01
0000000000339              6.566614E+01
0000000000340              6.304582E+01
0000000000341              6.053076E+01
0000000000342              5.811597E+01
0000000000343              5.579673E+01
0000000000344              5.357067E+01
0000000000345              5.143272E+01
0000000000346              4.938066E+01
0000000000347              4.741044E+01
0000000000348              4.551820E+01
0000000000349              4.370200E+01
0000000000350              4.195769E+01
0000000000351              4.028349E+01
0000000000352              3.867607E+01
0000000000353              3.713228E+01
0000000000354              3.565054E+01
0000000000355              3.422791E+01
0000000000356              3.286160E+01
0000000000357              3.155021E+01
0000000000358              3.029075E+01
0000000000359              2.908193E+01
0000000000360              2.792133E+01
0000000000361              2.680669E+01
0000000000362              2.573686E+01
0000000000363              2.470972E+01
0000000000364              2.372325E+01
0000000000365              2.277645E+01
0000000000366              2.186714E+01
0000000000367              2.099440E+01
0000000000368              2.015648E+01
0000000000369              1.935174E+01
0000000000370              1.857937E+01
0000000000371              1.783782E+01
0000000000372              1.712564E+01
0000000000373              1.644210E+01
0000000000374              1.578563E+01
0000000000375              1.515557E+01
0000000000376              1.455065E+01
0000000000377              1.396969E+01
0000000000378              1.341209E+01
0000000000379              1.287674E+01
0000000000380              1.236261E+01
0000000000381              1.186915E+01
0000000000382              1.139524E+01
0000000000383              1.094039E+01
0000000000384              1.050369E+01
0000000000385              1.008430E+01
0000000000386              9.681765E+00
0000000000387              9.295186E+00
0000000000388              8.924150E+00
0000000000389              8.567925E+00
0000000000390              8.225814E+00
0000000000391              7.897460E+00
0000000000392              7.582212E+00
0000000000393              7.279459E+00
0000000000394              6.988878E+00
0000000000395              6.709816E+00
0000000000396              6.441971E+00
0000000000397              6.184817E+00
0000000000398              5.937858E+00
0000000000399              5.700828E+00
0000000000400              5.473193E+00
0000000000401              5.254710E+00
0000000000402              5.044946E+00
0000000000403              4.843501E+00
0000000000404              4.650151E+00
0000000000405              4.464521E+00
0000000000406              4.286252E+00
0000000000407              4.115146E+00
0000000000408              3.950827E+00
0000000000409              3.793111E+00
0000000000410              3.641690E+00
0000000000411              3.496276E+00
0000000000412              3.356704E+00
0000000000413              3.222670E+00
0000000000414              3.094020E+00
0000000000415              2.970506E+00
0000000000416              2.851893E+00
0000000000417              2.738043E+00
0000000000418              2.628739E+00
0000000000419              2.523773E+00
0000000000420              2.423022E+00
0000000000421              2.326270E+00
0000000000422              2.233403E+00
0000000000423              2.144243E+00
0000000000424              2.058623E+00
0000000000425              1.976440E+00
0000000000426              1.897520E+00
0000000000427              1.821769E+00
0000000000428              1.749042E+00
0000000000429              1.679202E+00
0000000000430              1.612165E+00
0000000000431              1.547792E+00
0000000000432              1.486001E+00
0000000000433              1.426678E+00
0000000000434              1.369711E+00
0000000000435              1.315029E+00
0000000000436              1.262531E+00
0000000000437              1.212118E+00
0000000000438              1.163728E+00
0000000000439              1.117260E+00
0000000000440              1.072657E+00
0000000000441              1.029834E+00
0000000000442              9.887131E-01
0000000000443              9.492416E-01
0000000000444              9.113387E-01
0000000000445              8.749560E-01  ESTADO ESTACIONÁRIO ALCANÇADO
  
A SIMULAÇÃO PREDIZ QUE O NÚMERO DE DIAS DA PANDEMIA SERIA:   448.00 DIAS.
