           6          21   9.70080123E-07
           7          25   9.28847328E-07
           8          29   6.51869982E-07
           9          31   8.72990142E-07
          10          33   9.57045131E-07
          11          35   9.04693422E-07
          12          37   8.76628633E-07
          13          39   7.82513382E-07
          14          40   8.23030007E-07
          15          41   9.88139618E-07
          16          43   7.69476458E-07
          17          44   8.23323830E-07
          18          45   8.85483246E-07
          19          46   9.50670994E-07
          20          47   9.87641329E-07
          21          49   7.42482086E-07
          22          50   7.54893904E-07
          23          50   9.89151090E-07
          24          52   7.40471648E-07
          25          53   7.74090211E-07
          26          53   9.94338620E-07
          27          55   7.65919424E-07
          28          55   9.81127755E-07
          29          56   9.45457657E-07
          30          57   9.39428503E-07
          31          58   9.58124929E-07
          32          59   8.85239331E-07
          33          60   8.85057716E-07
          34          61   8.61261526E-07
          35          62   8.33701904E-07
          36          63   7.99574764E-07
          37          64   7.58948090E-07
          38          65   7.82607003E-07
          39          65   9.68455993E-07
          40          66   9.20503055E-07
          41          67   9.12283042E-07
          42          68   8.76294678E-07
          43          69   8.26733924E-07
          44          70   7.91954449E-07
          45          71   7.59298530E-07
          46          71   9.48431307E-07
          47          72   8.86592431E-07
          48          73   8.50427341E-07
          49          74   8.39415236E-07
          50          75   7.82775544E-07
          51          75   9.58276019E-07
          52          76   9.36725201E-07
          53          77   8.65261939E-07
          54          78   8.41586314E-07
          55          78   9.99852773E-07
          56          79   9.69415169E-07
          57          80   8.76641707E-07
          58          81   8.67518963E-07
          59          82   8.16706859E-07
          60          82   9.95865889E-07
          61          83   9.29889040E-07
          62          84   8.97646089E-07
          63          85   8.48340107E-07
          64          85   9.99588678E-07
          65          86   9.45072486E-07
          66          87   9.09854634E-07
          67          88   8.62071147E-07
          68          89   7.92764183E-07
          69          89   9.82973120E-07
          70          90   9.02550312E-07
          71          91   8.71452528E-07
          72          92   8.16232728E-07
          73          92   9.74014483E-07
          74          93   9.28607562E-07
          75          94   8.41629401E-07
          76          95   8.19235254E-07
          77          95   9.73494821E-07
          78          96   8.87486067E-07
          79          97   8.55722874E-07
          80          98   8.03782939E-07
          81          98   9.56039912E-07
          82          99   8.86803093E-07
          83         100   8.32542469E-07
          84         100   9.87928502E-07
          85         101   9.17679301E-07
          86         102   8.49019955E-07
          87         102   9.97321081E-07
          88         103   9.53902941E-07
          89         104   8.84626104E-07
          90         105   8.38241192E-07
          91         105   9.45148543E-07
          92         106   9.15409544E-07
          93         107   8.45839224E-07
          94         108   8.20286857E-07
          95         108   9.44097849E-07
          96         109   8.85460736E-07
          97         110   8.25802886E-07
          98         110   9.63420234E-07
          99         111   8.96091535E-07
         100         112   8.40902601E-07
         101         112   9.86387931E-07
         102         113   9.26102587E-07
         103         114   8.67709957E-07
         104         115   8.15401961E-07
         105         115   9.52402729E-07
         106         116   8.98300982E-07
         107         117   8.40702739E-07
         108         117   9.58585247E-07
         109         118   9.05162608E-07
         110         119   8.52844778E-07
         111         119   9.64180572E-07
         112         120   9.15023577E-07
         113         121   8.46533055E-07
         114         121   9.65132472E-07
         115         122   9.14510679E-07
         116         123   8.44828492E-07
         117         123   9.81970288E-07
         118         124   9.30085889E-07
         119         125   8.83606788E-07
         120         126   8.30864280E-07
         121         126   9.54972506E-07
         122         127   8.83587461E-07
         123         128   8.51224627E-07
         124         128   9.60318744E-07
         125         129   8.98271992E-07
         126         130   8.45644479E-07
         127         130   9.68910513E-07
         128         131   9.12486144E-07
         129         132   8.59584816E-07
         130         132   9.73789383E-07
         131         133   9.14945474E-07
         132         134   8.77226455E-07
         133         135   8.23967923E-07
         134         135   9.30009151E-07
         135         136   8.97610732E-07
         136         137   8.48060836E-07
         137         137   9.50863409E-07
         138         138   9.08748461E-07
         139         139   8.48294746E-07
         140         139   9.56448389E-07
         141         140   9.08632330E-07
         142         141   8.67825065E-07
         143         141   9.81671974E-07
         144         142   9.24274843E-07
         145         143   8.74240811E-07
         146         143   9.85532893E-07
         147         144   9.41601058E-07
         148         145   8.92115224E-07
         149         146   8.39965423E-07
         150         146   9.54056532E-07
         151         147   9.06342223E-07
         152         148   8.59909790E-07
         153         148   9.62503123E-07
         154         149   9.21089907E-07
         155         150   8.72186206E-07
         156         150   9.89012165E-07
         157         151   9.30899432E-07
         158         152   8.83664882E-07
         159         152   9.93786330E-07
         160         153   9.65305048E-07
         161         154   9.21280957E-07
         162         155   8.71419786E-07
         163         155   9.81717335E-07
         164         156   9.30504143E-07
         165         157   9.00003670E-07
         166         157   9.97886559E-07
         167         158   9.58882879E-07
         168         159   9.16621730E-07
         169         160   8.76497268E-07
         170         160   9.81000767E-07
         171         161   9.34777006E-07
         172         162   8.95705057E-07
         173         163   8.54811503E-07
         174         163   9.60025204E-07
         175         164   9.16327849E-07
         176         165   8.77455477E-07
         177         165   9.79364927E-07
         178         166   9.40452708E-07
         179         167   9.00547775E-07
         180         168   8.61721389E-07
         181         168   9.66974426E-07
         182         169   9.25903635E-07
         183         170   8.88206216E-07
         184         170   9.91105253E-07
         185         171   9.49633375E-07
         186         172   9.10194387E-07
         187         173   8.75393766E-07
         188         173   9.75567332E-07
         189         174   9.35734136E-07
         190         175   8.98430244E-07
         191         176   8.59813952E-07
         192         176   9.60471993E-07
         193         177   9.21644130E-07
         194         178   8.84963470E-07
         195         178   9.87511726E-07
         196         179   9.47159322E-07
         197         180   9.08694119E-07
         198         181   8.72388512E-07
         199         181   9.73414103E-07
         200         182   9.33821411E-07
         201         183   8.96688277E-07
         202         183   9.99538543E-07
         203         184   9.58970077E-07
         204         185   9.19544050E-07
         205         186   8.83472865E-07
         206         186   9.85168526E-07
         207         187   9.45267004E-07
         208         188   9.08062248E-07
         209         189   8.70398253E-07
         210         189   9.67830601E-07
         211         190   9.31426598E-07
         212         191   8.92348680E-07
         213         191   9.92665150E-07
         214         192   9.53051085E-07
         215         193   9.13133988E-07
         216         194   8.77528066E-07
         217         194   9.74860427E-07
         218         195   9.36895560E-07
         219         196   8.96709821E-07
         220         196   9.98526275E-07
         221         197   9.56249096E-07
         222         198   9.22063009E-07
         223         199   8.84951646E-07
         224         199   9.81606718E-07
         225         200   9.41486178E-07
         226         201   9.04391868E-07
         227         202   8.67358267E-07
         228         202   9.62477543E-07
         229         203   9.20432569E-07
         230         204   8.83715018E-07
         231         204   9.79991228E-07
         232         205   9.43442672E-07
         233         206   8.99756003E-07
         234         206   9.99067652E-07
         235         207   9.57419275E-07
         236         208   9.18002115E-07
         237         209   8.79379797E-07
         238         209   9.71498139E-07
         239         210   9.34821458E-07
         240         211   8.95102232E-07
         241         211   9.88248985E-07
         242         212   9.48164995E-07
         243         213   9.12063626E-07
         244         214   8.77158300E-07
         245         214   9.66509788E-07
         246         215   9.23781442E-07
         247         216   8.87146030E-07
         248         216   9.80447226E-07
         249         217   9.38477910E-07
         250         218   8.99646068E-07
         251         218   9.92197329E-07
         252         219   9.54041980E-07
         253         220   9.15006922E-07
         254         221   8.75491878E-07
         255         221   9.66964080E-07
         256         222   9.22682887E-07
         257         223   8.84417261E-07
         258         223   9.74833256E-07
         259         224   9.36935237E-07
         260         225   8.94388961E-07
         261         225   9.87138719E-07
         262         226   9.44632802E-07
         263         227   9.04076842E-07
         264         227   9.93203344E-07
         265         228   9.50220567E-07
         266         229   9.10681820E-07
         267         230   8.74561863E-07
         268         230   9.60638090E-07
         269         231   9.18796047E-07
         270         232   8.79058689E-07
         271         232   9.67219762E-07
         272         233   9.26254756E-07
         273         234   8.83657606E-07
         274         234   9.73461852E-07
         275         235   9.33841818E-07
         276         236   8.92425248E-07
         277         236   9.81138214E-07
         278         237   9.34090792E-07
         279         238   8.96196696E-07
         280         238   9.82344545E-07
         281         239   9.38509686E-07
         282         240   8.99400334E-07
         283         240   9.85744578E-07
         284         241   9.45203567E-07
         285         242   9.02541899E-07
         286         242   9.93012691E-07
         287         243   9.44379167E-07
         288         244   9.05164597E-07
         289         244   9.87790941E-07
         290         245   9.42581778E-07
         291         246   9.02412978E-07
         292         246   9.85847578E-07
         293         247   9.46085322E-07
         294         248   9.04297622E-07
         295         248   9.92213927E-07
         296         249   9.48530442E-07
         297         250   9.02443276E-07
         298         250   9.88759666E-07
         299         251   9.45280362E-07
         300         252   9.02858631E-07
         301         252   9.87603926E-07
         302         253   9.46820705E-07
         303         254   9.02413603E-07
         304         254   9.89834007E-07
         305         255   9.41711789E-07
         306         256   8.98706048E-07
         307         256   9.84141366E-07
         308         257   9.35554965E-07
         309         258   8.95657649E-07
         310         258   9.76336196E-07
         311         259   9.32319665E-07
         312         260   8.94337063E-07
         313         260   9.75148168E-07
         314         261   9.30952297E-07
         315         262   8.87455883E-07
         316         262   9.69804773E-07
         317         263   9.22033848E-07
         318         264   8.79719153E-07
         319         264   9.64004130E-07
         320         265   9.14339012E-07
         321         265   9.97584038E-07
         322         266   9.52357766E-07
         323         267   9.12062944E-07
         324         267   9.94518473E-07
         325         268   9.48020329E-07
         326         269   9.05030845E-07
         327         269   9.82735628E-07
         328         270   9.39863071E-07
         329         271   8.93265565E-07
         330         271   9.77225000E-07
         331         272   9.30263354E-07
         332         273   8.86365285E-07
         333         273   9.64645096E-07
         334         274   9.18443106E-07
         335         274   9.99083568E-07
         336         275   9.53620145E-07
         337         276   9.07827598E-07
         338         276   9.84786084E-07
         339         277   9.44715964E-07
         340         278   8.96659799E-07
         341         278   9.75656462E-07
         342         279   9.31817794E-07
         343         280   8.90587501E-07
         344         280   9.67208052E-07
         345         281   9.19826448E-07
         346         281   9.97289931E-07
         347         282   9.55314817E-07
         348         283   9.06582557E-07
         349         283   9.86685450E-07
         350         284   9.37765662E-07
         351         285   8.92707931E-07
         352         285   9.70870133E-07
         353         286   9.27471035E-07
         354         287   8.82359359E-07
         355         287   9.58386522E-07
         356         288   9.15566147E-07
         357         288   9.90730996E-07
         358         289   9.44500357E-07
         359         290   8.99067970E-07
         360         290   9.75466833E-07
         361         291   9.27335009E-07
         362         292   8.82700533E-07
         363         292   9.57709517E-07
         364         293   9.15135274E-07
         365         293   9.93035997E-07
         366         294   9.41904943E-07
         367         295   8.99242707E-07
         368         295   9.70918222E-07
         369         296   9.25815129E-07
         370         297   8.83574558E-07
         371         297   9.53941026E-07
         372         298   9.07144340E-07
         373         298   9.81719495E-07
         374         299   9.37533457E-07
         375         300   8.94235313E-07
         376         300   9.64700007E-07
         377         301   9.17590626E-07
         378         301   9.94625111E-07
         379         302   9.49344894E-07
         380         303   9.03376247E-07
         381         303   9.76510250E-07
         382         304   9.29161104E-07
         383         305   8.82127154E-07
         384         305   9.56121198E-07
         385         306   9.10400672E-07
         386         306   9.83241989E-07
         387         307   9.32693922E-07
         388         308   8.88767090E-07
         389         308   9.61289402E-07
         390         309   9.14821499E-07
         391         309   9.89416549E-07
         392         310   9.41251926E-07
         393         311   8.95316532E-07
         394         311   9.67164169E-07
         395         312   9.20711841E-07
         396         312   9.92981086E-07
         397         313   9.44982958E-07
         398         314   8.99673864E-07
         399         314   9.71791792E-07
         400         315   9.26150449E-07
         401         315   9.95469236E-07
         402         316   9.51744539E-07
         403         317   9.05153627E-07
         404         317   9.75448756E-07
         405         318   9.26376913E-07
         406         318   9.99972258E-07
         407         319   9.51901484E-07
         408         320   9.04037904E-07
         409         320   9.77809918E-07
         410         321   9.24977655E-07
         411         321   9.98319479E-07
         412         322   9.52912899E-07
         413         323   9.06710000E-07
         414         323   9.73928763E-07
         415         324   9.28616885E-07
         416         325   8.83669713E-07
         417         325   9.54139750E-07
         418         326   9.06392756E-07
         419         326   9.76664751E-07
         420         327   9.29609143E-07
         421         327   9.99062308E-07
         422         328   9.51082370E-07
         423         329   9.01733699E-07
         424         329   9.72258817E-07
         425         330   9.25357369E-07
         426         330   9.97845177E-07
         427         331   9.48650097E-07
         428         332   9.02522004E-07
         429         332   9.70162205E-07
         430         333   9.25888742E-07
         431         333   9.95611003E-07
         432         334   9.45438217E-07
         433         335   8.98590201E-07
         434         335   9.64044261E-07
         435         336   9.21257140E-07
         436         336   9.90530339E-07
         437         337   9.41888288E-07
         438         338   8.93659546E-07
         439         338   9.62467539E-07
         440         339   9.14925863E-07
         441         339   9.81622065E-07
         442         340   9.35842195E-07
         443         341   8.90012757E-07
         444         341   9.58718033E-07
         445         342   9.08212883E-07
         446         342   9.78167463E-07
         447         343   9.29871135E-07
         448         344   8.86517739E-07
         449         344   9.51446623E-07
         450         345   9.04478327E-07
         451         345   9.72862381E-07
         452         346   9.22785546E-07
         453         346   9.92509058E-07
         454         347   9.43900375E-07
         455         348   8.97479595E-07
         456         348   9.62094077E-07
         457         349   9.16846091E-07
         458         349   9.83549853E-07
         459         350   9.38320795E-07
         460         351   8.91512343E-07
         461         351   9.56993063E-07
         462         352   9.09072355E-07
         463         352   9.77203285E-07
         464         353   9.31337979E-07
         465         353   9.99252393E-07
         466         354   9.50646722E-07
         467         355   9.02250576E-07
         468         355   9.68517384E-07
         469         356   9.21423464E-07
         470         356   9.88440547E-07
         471         357   9.41644942E-07
         472         358   8.96393999E-07
         473         358   9.59904696E-07
         474         359   9.12222106E-07
         475         359   9.76792762E-07
         476         360   9.31765953E-07
         477         360   9.97866437E-07
         478         361   9.49315677E-07
         479         362   9.04963031E-07
         480         362   9.69880944E-07
         481         363   9.20954449E-07
         482         363   9.87821068E-07
         483         364   9.41773749E-07
         484         365   8.94696427E-07
         485         365   9.60777243E-07
         486         366   9.13282520E-07
         487         366   9.81101607E-07
         488         367   9.29634666E-07
         489         367   9.96764243E-07
         490         368   9.51190884E-07
         491         369   9.03207194E-07
         492         369   9.69383336E-07
         493         370   9.19914783E-07
         494         370   9.85486395E-07
         495         371   9.41371809E-07
         496         372   8.95229050E-07
         497         372   9.59528847E-07
         498         373   9.12069197E-07
         499         373   9.74758791E-07
         500         374   9.30581280E-07
         501         374   9.95274263E-07
         502         375   9.47169156E-07
         503         376   9.04002945E-07
         504         376   9.66215111E-07
         505         377   9.19623062E-07
         506         377   9.82752226E-07
         507         378   9.35883747E-07
         508         379   8.92740502E-07
         509         379   9.55679639E-07
         510         380   9.07665196E-07
         511         380   9.70846372E-07
         512         381   9.26468374E-07
         513         381   9.91375373E-07
         514         382   9.43335522E-07
         515         383   9.00630710E-07
         516         383   9.62276772E-07
         517         384   9.16982117E-07
         518         384   9.78768298E-07
         519         385   9.31820864E-07
         520         385   9.94361585E-07
         521         386   9.49313858E-07
         522         387   9.03635851E-07
         523         387   9.65195682E-07
         524         388   9.19384604E-07
         525         388   9.82628194E-07
         526         389   9.36245101E-07
         527         389   9.99343683E-07
         528         390   9.53178358E-07
         529         391   9.08287120E-07
         530         391   9.69441885E-07
         531         392   9.25583720E-07
         532         392   9.88151101E-07
         533         393   9.42639304E-07
         534         394   8.98420637E-07
         535         394   9.59202566E-07
         536         395   9.15563987E-07
         537         395   9.76414640E-07
         538         396   9.31007207E-07
         539         396   9.92500077E-07
         540         397   9.45327940E-07
         541         398   8.99029999E-07
         542         398   9.64256742E-07
         543         399   9.18624551E-07
         544         399   9.81415610E-07
         545         400   9.34030936E-07
         546         400   9.98055384E-07
         547         401   9.49809362E-07
         548         402   9.03689283E-07
         549         402   9.64083483E-07
         550         403   9.23093069E-07
         551         403   9.83991072E-07
         552         404   9.36543870E-07
         553         404   9.99854819E-07
         554         405   9.57694851E-07
         555         406   9.11863594E-07
         556         406   9.73180363E-07
         557         407   9.29297983E-07
         558         407   9.91098432E-07
         559         408   9.43990074E-07
         560         409   9.02353008E-07
         561         409   9.61486990E-07
         562         410   9.17244108E-07
         563         410   9.78974867E-07
         564         411   9.34022751E-07
         565         411   9.94779725E-07
         566         412   9.48435741E-07
         567         413   9.03706393E-07
         568         413   9.64261858E-07
         569         414   9.19615047E-07
         570         414   9.81300786E-07
         571         415   9.34428613E-07
         572         415   9.95720029E-07
         573         416   9.51174172E-07
         574         417   9.07274057E-07
         575         417   9.66834591E-07
         576         418   9.23311404E-07
         577         418   9.82403776E-07
         578         419   9.37764696E-07
         579         419   9.98309019E-07
         580         420   9.55812197E-07
         581         421   9.11727227E-07
         582         421   9.69296707E-07
         583         422   9.28162706E-07
         584         422   9.87215458E-07
         585         423   9.42042163E-07
         586         424   9.01816350E-07
         587         424   9.60099555E-07
         588         425   9.16363831E-07
         589         425   9.73849069E-07
         590         426   9.29723797E-07
         591         426   9.89659384E-07
         592         427   9.43516170E-07
         593         428   9.00287318E-07
         594         428   9.59951194E-07
         595         429   9.15434271E-07
         596         429   9.77476816E-07
         597         430   9.31696718E-07
         598         430   9.91820798E-07
         599         431   9.49132641E-07
         600         432   9.06883372E-07
         601         432   9.64816650E-07
         602         433   9.20095374E-07
         603         433   9.79237825E-07
         604         434   9.34838226E-07
         605         434   9.94112952E-07
         606         435   9.50721926E-07
         607         436   9.09468838E-07
         608         436   9.68619702E-07
         609         437   9.25293648E-07
         610         437   9.81463813E-07
         611         438   9.37768959E-07
         612         438   9.99374947E-07
         613         439   9.55775818E-07
         614         440   9.11599443E-07
         615         440   9.69379244E-07
         616         441   9.27060341E-07
         617         441   9.86925897E-07
         618         442   9.40317250E-07
         619         443   9.01111150E-07
         620         443   9.57337420E-07
         621         444   9.14076452E-07
         622         444   9.71906047E-07
         623         445   9.30942917E-07
         624         445   9.85664542E-07
         625         446   9.44362398E-07
         626         447   9.00971031E-07
         627         447   9.60471311E-07
         628         448   9.18138710E-07
         629         448   9.72624548E-07
         630         449   9.32998262E-07
         631         449   9.90599460E-07
         632         450   9.46515343E-07
         633         451   9.06560615E-07
         634         451   9.62308945E-07
         635         452   9.21229912E-07
         636         452   9.78555704E-07
         637         453   9.36368224E-07
         638         453   9.95737764E-07
         639         454   9.50776098E-07
         640         455   9.08371590E-07
         641         455   9.64706260E-07
         642         456   9.24186281E-07
         643         456   9.82283836E-07
         644         457   9.42574616E-07
         645         458   8.99953307E-07
         646         458   9.56800591E-07
         647         459   9.13184238E-07
         648         459   9.69286134E-07
         649         460   9.28178736E-07
         650         460   9.85289148E-07
         651         461   9.42346219E-07
         652         462   9.03220553E-07
         653         462   9.59397539E-07
         654         463   9.18172816E-07
         655         463   9.74128511E-07
         656         464   9.27492977E-07
         657         464   9.85065526E-07
         658         465   9.43203872E-07
         659         466   9.03001251E-07
         660         466   9.58479404E-07
         661         467   9.16193812E-07
         662         467   9.74344289E-07
         663         468   9.32425053E-07
         664         468   9.88263082E-07
         665         469   9.48401180E-07
         666         470   9.06551350E-07
         667         470   9.61517912E-07
         668         471   9.20321327E-07
         669         471   9.76352680E-07
         670         472   9.36326387E-07
         671         472   9.91937782E-07
         672         473   9.47990998E-07
         673         474   9.09020116E-07
         674         474   9.63806997E-07
         675         475   9.20788978E-07
         676         475   9.76896558E-07
         677         476   9.31921988E-07
         678         476   9.89255568E-07
         679         477   9.48602633E-07
         680         478   9.07880690E-07
         681         478   9.63196157E-07
         682         479   9.20445473E-07
         683         479   9.78408934E-07
         684         480   9.38126959E-07
         685         480   9.94824745E-07
         686         481   9.51313098E-07
         687         482   9.08968332E-07
         688         482   9.64272203E-07
         689         483   9.23829759E-07
         690         483   9.80274194E-07
         691         484   9.38753146E-07
         692         484   9.94066454E-07
         693         485   9.51449579E-07
         694         486   9.12901612E-07
         695         486   9.67531946E-07
         696         487   9.24574408E-07
         697         487   9.81206654E-07
         698         488   9.39596816E-07
         699         488   9.96238100E-07
         700         489   9.52993673E-07
         701         490   9.13116025E-07
         702         490   9.68047516E-07
         703         491   9.26741279E-07
         704         491   9.82485972E-07
         705         492   9.42115946E-07
         706         492   9.97903953E-07
         707         493   9.57141083E-07
         708         494   9.17340685E-07
         709         494   9.70834776E-07
         710         495   9.30124372E-07
         711         495   9.85595534E-07
         712         496   9.43260147E-07
         713         496   9.98661449E-07
         714         497   9.55776386E-07
         715         498   9.18126773E-07
         716         498   9.69848429E-07
         717         499   9.30192016E-07
         718         499   9.86225473E-07
         719         500   9.44701071E-07
         720         501   9.02829413E-07
         721         501   9.56113126E-07
         722         502   9.17300440E-07
         723         502   9.71552822E-07
         724         503   9.28647012E-07
         725         503   9.84456392E-07
         726         504   9.45242846E-07
         727         505   9.05007823E-07
         728         505   9.58589226E-07
         729         506   9.20786533E-07
         730         506   9.73919668E-07
         731         507   9.32804824E-07
         732         507   9.86149871E-07
         733         508   9.46761588E-07
         734         509   9.07417018E-07
         735         509   9.60032253E-07
         736         510   9.19640911E-07
         737         510   9.73655119E-07
         738         511   9.33750073E-07
         739         511   9.88051170E-07
         740         512   9.47962974E-07
         741         513   9.06559535E-07
         742         513   9.59249746E-07
         743         514   9.20163870E-07
         744         514   9.74435466E-07
         745         515   9.34984541E-07
         746         515   9.88429406E-07
         747         516   9.46599584E-07
         748         517   9.07947594E-07
         749         517   9.59995191E-07
         750         518   9.18520243E-07
         751         518   9.72227781E-07
         752         519   9.33158219E-07
         753         519   9.88128363E-07
         754         520   9.49317609E-07
         755         521   9.07635922E-07
         756         521   9.61362275E-07
         757         522   9.20122602E-07
         758         522   9.73725605E-07
         759         523   9.36275228E-07
         760         523   9.88425199E-07
         761         524   9.49253661E-07
         762         525   9.11618372E-07
         763         525   9.64217293E-07
         764         526   9.25935581E-07
         765         526   9.77353693E-07
         766         527   9.38672088E-07
         767         527   9.92347395E-07
         768         528   9.49719606E-07
         769         529   9.14431155E-07
         770         529   9.66642347E-07
         771         530   9.23183165E-07
         772         530   9.75357807E-07
         773         531   9.38661003E-07
         774         531   9.92169475E-07
         775         532   9.49884225E-07
         776         533   9.10272888E-07
         777         533   9.63676712E-07
         778         534   9.25640393E-07
         779         534   9.76793672E-07
         780         535   9.35291951E-07
         781         535   9.88618126E-07
         782         536   9.50314870E-07
         783         537   9.12325049E-07
         784         537   9.63414664E-07
         785         538   9.22892298E-07
         786         538   9.74053705E-07
         787         539   9.35392052E-07
         788         539   9.87885528E-07
         789         540   9.47005503E-07
         790         540   9.99964527E-07
         791         541   9.61437308E-07
         792         542   9.21156186E-07
         793         542   9.72766657E-07
         794         543   9.35938260E-07
         795         543   9.87576300E-07
         796         544   9.45911552E-07
         797         545   9.09992764E-07
         798         545   9.60801231E-07
         799         546   9.21735761E-07
         800         546   9.73507554E-07
         801         547   9.33514571E-07
         802         547   9.84573717E-07
         803         548   9.47709168E-07
         804         549   9.08329298E-07
         805         549   9.57984298E-07
         806         550   9.22246443E-07
         807         550   9.74734576E-07
         808         551   9.34670140E-07
         809         551   9.87212047E-07
         810         552   9.46808314E-07
         811         552   9.98456926E-07
         812         553   9.61188675E-07
         813         554   9.22400773E-07
         814         554   9.73744022E-07
         815         555   9.32602291E-07
         816         555   9.85320185E-07
         817         556   9.43763382E-07
         818         556   9.94995844E-07
         819         557   9.57036946E-07
         820         558   9.21605931E-07
         821         558   9.71424811E-07
         822         559   9.32563353E-07
         823         559   9.82245183E-07
         824         560   9.43403961E-07
         825         560   9.94289508E-07
         826         561   9.58189048E-07
         827         562   9.20450361E-07
         828         562   9.69886173E-07
         829         563   9.32679427E-07
         830         563   9.83257792E-07
         831         564   9.41738108E-07
         832         564   9.94052584E-07
         833         565   9.55504788E-07
         834         566   9.16522822E-07
         835         566   9.66399512E-07
         836         567   9.29815315E-07
         837         567   9.79395850E-07
         838         568   9.40052757E-07
         839         568   9.92340688E-07
         840         569   9.53904078E-07
         841         570   9.17316640E-07
         842         570   9.68364702E-07
         843         571   9.28416398E-07
         844         571   9.77797072E-07
         845         572   9.38381334E-07
         846         572   9.87273324E-07
         847         573   9.52408016E-07
         848         574   9.15064732E-07
         849         574   9.62942863E-07
         850         575   9.27109909E-07
         851         575   9.76571073E-07
         852         576   9.38237463E-07
         853         576   9.87566523E-07
         854         577   9.50904337E-07
         855         578   9.12952999E-07
         856         578   9.62228569E-07
         857         579   9.24057076E-07
         858         579   9.74115096E-07
         859         580   9.36110951E-07
         860         580   9.84952294E-07
         861         581   9.49893888E-07
         862         582   9.11729103E-07
         863         582   9.59434828E-07
         864         583   9.22522645E-07
         865         583   9.71228701E-07
         866         584   9.36027732E-07
         867         584   9.84200142E-07
         868         585   9.45546560E-07
         869         585   9.96317681E-07
         870         586   9.57723614E-07
         871         587   9.20303080E-07
         872         587   9.69236339E-07
         873         588   9.32263674E-07
         874         588   9.82838060E-07
         875         589   9.43412147E-07
         876         589   9.94363177E-07
         877         590   9.55553219E-07
         878         591   9.19933484E-07
         879         591   9.68117888E-07
         880         592   9.28409463E-07
         881         592   9.78425987E-07
         882         593   9.40462428E-07
         883         593   9.89313662E-07
         884         594   9.52237201E-07
         885         595   9.15980650E-07
         886         595   9.64547098E-07
         887         596   9.28055556E-07
         888         596   9.77039804E-07
         889         597   9.39759218E-07
         890         597   9.88518764E-07
         891         598   9.51286438E-07
         892         598   9.99812642E-07
         893         599   9.61825776E-07
         894         600   9.25140967E-07
         895         600   9.72539056E-07
         896         601   9.36569165E-07
         897         601   9.85384077E-07
         898         602   9.47630895E-07
         899         602   9.96898848E-07
         900         603   9.59740078E-07
         901         604   9.23558957E-07
         902         604   9.71382519E-07
         903         605   9.34389618E-07
         904         605   9.82796109E-07
         905         606   9.43750194E-07
         906         606   9.92396963E-07
         907         607   9.57955194E-07
         908         608   9.20770390E-07
         909         608   9.69036137E-07
         910         609   9.29352836E-07
         911         609   9.77874492E-07
         912         610   9.41329404E-07
         913         610   9.89982368E-07
         914         611   9.51747552E-07
         915         612   9.15421822E-07
         916         612   9.62689228E-07
         917         613   9.27613371E-07
         918         613   9.74285172E-07
         919         614   9.38835626E-07
         920         614   9.85998213E-07
         921         615   9.51467030E-07
         922         615   9.98794462E-07
         923         616   9.58075361E-07
         924         617   9.24670871E-07
         925         617   9.71651957E-07
         926         618   9.35010917E-07
         927         618   9.82247911E-07
         928         619   9.46914327E-07
         929         619   9.94622951E-07
         930         620   9.57668476E-07
         931         621   9.22287711E-07
         932         621   9.68592644E-07
         933         622   9.31933982E-07
         934         622   9.78034791E-07
         935         623   9.42784936E-07
         936         623   9.90909143E-07
         937         624   9.52604807E-07
         938         625   9.14825591E-07
         939         625   9.61912065E-07
         940         626   9.28271788E-07
         941         626   9.74352020E-07
         942         627   9.36441040E-07
         943         627   9.83473683E-07
         944         628   9.49120931E-07
         945         628   9.96647373E-07
         946         629   9.59684826E-07
         947         630   9.23389564E-07
         948         630   9.70320684E-07
         949         631   9.34033153E-07
         950         631   9.81122753E-07
         951         632   9.45503587E-07
         952         632   9.91819320E-07
         953         633   9.55117912E-07
         954         634   9.21003050E-07
         955         634   9.65202162E-07
         956         635   9.28471025E-07
         957         635   9.75626335E-07
         958         636   9.38967958E-07
         959         636   9.87203293E-07
         960         637   9.50229150E-07
         961         637   9.98588575E-07
         962         638   9.61518595E-07
         963         639   9.26649420E-07
         964         639   9.72887960E-07
         965         640   9.36263746E-07
         966         640   9.82249958E-07
         967         641   9.45846637E-07
         968         641   9.94161155E-07
         969         642   9.56574240E-07
         970         643   9.21448873E-07
         971         643   9.66621201E-07
         972         644   9.31584736E-07
         973         644   9.78165872E-07
         974         645   9.42117822E-07
         975         645   9.87672934E-07
         976         646   9.51288825E-07
         977         646   9.98040946E-07
         978         647   9.64304149E-07
         979         648   9.29191515E-07
         980         648   9.74465024E-07
         981         649   9.37906691E-07
         982         649   9.85551424E-07
         983         650   9.48822901E-07
         984         650   9.95351002E-07
         985         651   9.59568865E-07
         986         652   9.22923789E-07
         987         652   9.68373001E-07
         988         653   9.35227547E-07
         989         653   9.80427558E-07
         990         654   9.43664304E-07
         991         654   9.88957709E-07
         992         655   9.51494258E-07
         993         655   9.99035251E-07
         994         656   9.63077923E-07
         995         657   9.28587326E-07
         996         657   9.73258125E-07
         997         658   9.36498395E-07
         998         658   9.83129098E-07
         999         659   9.47267381E-07
        1000         659   9.92807600E-07
        1001         660   9.58257260E-07
        1002         661   9.20046318E-07
        1003         661   9.66793664E-07
        1004         662   9.33537422E-07
        1005         662   9.78425305E-07
        1006         663   9.42010729E-07
        1007         663   9.88332886E-07
        1008         664   9.54092570E-07
        1009         665   9.18648084E-07
        1010         665   9.62002900E-07
        1011         666   9.28826410E-07
        1012         666   9.73050987E-07
        1013         667   9.37044547E-07
        1014         667   9.81380481E-07
        1015         668   9.46854868E-07
        1016         668   9.93559297E-07
        1017         669   9.56689860E-07
        1018         670   9.21760488E-07
        1019         670   9.66164521E-07
        1020         671   9.31742534E-07
        1021         671   9.77678269E-07
        1022         672   9.42045631E-07
        1023         672   9.86777309E-07
        1024         673   9.49955279E-07
        1025         673   9.95859864E-07
        1026         674   9.60597163E-07
        1027         675   9.24812525E-07
        1028         675   9.69425628E-07
        1029         676   9.35710659E-07
        1030         676   9.80380150E-07
        1031         677   9.45336694E-07
        1032         677   9.90813305E-07
        1033         678   9.54098255E-07
        1034         679   9.21569665E-07
        1035         679   9.65687491E-07
        1036         680   9.30442354E-07
        1037         680   9.74925001E-07
        1038         681   9.39399740E-07
        1039         681   9.84461735E-07
        1040         682   9.49583864E-07
        1041         682   9.94538709E-07
        1042         683   9.59875592E-07
        1043         684   9.24412916E-07
        1044         684   9.68042173E-07
        1045         685   9.34556624E-07
        1046         685   9.78773073E-07
        1047         686   9.45210218E-07
        1048         686   9.89522505E-07
        1049         687   9.54094503E-07
        1050         687   9.98602104E-07
        1051         688   9.62694116E-07
        1052         689   9.27943290E-07
        1053         689   9.73104761E-07
        1054         690   9.38502922E-07
        1055         690   9.82853180E-07
        1056         691   9.48170396E-07
        1057         691   9.91880142E-07
        1058         692   9.57207703E-07
        1059         693   9.22207278E-07
        1060         693   9.66066409E-07
        1061         694   9.31429156E-07
        1062         694   9.76020715E-07
        1063         695   9.40903078E-07
        1064         695   9.83845212E-07
        1065         696   9.50978801E-07
        1066         696   9.95904088E-07
        1067         697   9.59287945E-07
        1068         698   9.27750420E-07
        1069         698   9.69772714E-07
        1070         699   9.36001697E-07
        1071         699   9.79748279E-07
        1072         700   9.44176406E-07
        1073         700   9.88502507E-07
        1074         701   9.52619359E-07
        1075         701   9.97352799E-07
        1076         702   9.62160243E-07
        1077         703   9.26785845E-07
        1078         703   9.68961785E-07
        1079         704   9.38055678E-07
        1080         704   9.82362621E-07
        1081         705   9.46282853E-07
        1082         705   9.90367653E-07
        1083         706   9.57033308E-07
        1084         707   9.22979098E-07
        1085         707   9.65726258E-07
        1086         708   9.29521548E-07
        1087         708   9.72618409E-07
        1088         709   9.39132235E-07
        1089         709   9.83426276E-07
        1090         710   9.50222443E-07
        1091         710   9.93436856E-07
        1092         711   9.57413022E-07
        1093         712   9.23212326E-07
        1094         712   9.67546839E-07
        1095         713   9.31880948E-07
        1096         713   9.74781528E-07
        1097         714   9.40555253E-07
        1098         714   9.84316785E-07
        1099         715   9.50626486E-07
        1100         715   9.94524953E-07
        1101         716   9.59660838E-07
        1102         717   9.27111273E-07
        1103         717   9.69384018E-07
        1104         718   9.34702712E-07
        1105         718   9.77673494E-07
        1106         719   9.45167642E-07
        1107         719   9.87706130E-07
        1108         720   9.52070025E-07
        1109         720   9.96370204E-07
        1110         721   9.63534490E-07
        1111         722   9.30263866E-07
        1112         722   9.72772227E-07
        1113         723   9.36375898E-07
        1114         723   9.79767037E-07
        1115         724   9.44217504E-07
        1116         724   9.87791168E-07
        1117         725   9.55238534E-07
        1118         725   9.99605959E-07
        1119         726   9.63575189E-07
        1120         727   9.29605392E-07
        1121         727   9.71468012E-07
        1122         728   9.38751043E-07
        1123         728   9.81000994E-07
        1124         729   9.45987551E-07
        1125         729   9.91048523E-07
        1126         730   9.55329369E-07
        1127         730   9.99448730E-07
        1128         731   9.65917934E-07
        1129         732   9.33349099E-07
        1130         732   9.76598812E-07
        1131         733   9.40613120E-07
        1132         733   9.82955385E-07
        1133         734   9.48557727E-07
        1134         734   9.91688012E-07
        1135         735   9.58393684E-07
        1136         736   9.24131541E-07
        1137         736   9.65607569E-07
        1138         737   9.33710055E-07
        1139         737   9.75219791E-07
        1140         738   9.41843325E-07
        1141         738   9.83009954E-07
        1142         739   9.50032870E-07
        1143         739   9.91630372E-07
        1144         740   9.60125021E-07
        1145         741   9.26054611E-07
        1146         741   9.68658924E-07
        1147         742   9.33921058E-07
        1148         742   9.75641115E-07
        1149         743   9.43299881E-07
        1150         743   9.85646807E-07
        1151         744   9.53357983E-07
        1152         744   9.93641606E-07
        1153         745   9.59976319E-07
        1154         746   9.26507823E-07
        1155         746   9.68290806E-07
        1156         747   9.36099298E-07
        1157         747   9.78446906E-07
        1158         748   9.43447390E-07
        1159         748   9.86631107E-07
        1160         749   9.53044434E-07
        1161         749   9.95183427E-07
        1162         750   9.63571779E-07
        1163         751   9.27396400E-07
        1164         751   9.68001928E-07
        1165         752   9.37437733E-07
        1166         752   9.77666559E-07
        1167         753   9.45427018E-07
        1168         753   9.88956003E-07
        1169         754   9.54546977E-07
        1170         754   9.96970584E-07
        1171         755   9.60334887E-07
        1172         756   9.29009332E-07
        1173         756   9.70130031E-07
        1174         757   9.38622861E-07
        1175         757   9.79499987E-07
        1176         758   9.44674639E-07
        1177         758   9.86964324E-07
        1178         759   9.55003998E-07
        1179         759   9.96354288E-07
        1180         760   9.63107823E-07
        1181         761   9.28411225E-07
        1182         761   9.71010763E-07
        1183         762   9.39325162E-07
        1184         762   9.80403001E-07
        1185         763   9.46460261E-07
        1186         763   9.88434522E-07
        1187         764   9.53227072E-07
        1188         764   9.94872153E-07
        1189         765   9.63790967E-07
        1190         766   9.30096292E-07
        1191         766   9.70819997E-07
        1192         767   9.38518667E-07
        1193         767   9.80092523E-07
        1194         768   9.46024386E-07
        1195         768   9.87697035E-07
        1196         769   9.53302049E-07
        1197         769   9.95830646E-07
        1198         770   9.62013360E-07
        1199         771   9.30905514E-07
        1200         771   9.71865575E-07
        1201         772   9.35734079E-07
        1202         772   9.77318564E-07
        1203         773   9.45931959E-07
        1204         773   9.87051521E-07
        1205         774   9.53134702E-07
        1206         774   9.94097036E-07
        1207         775   9.64097239E-07
        1208         776   9.29316514E-07
        1209         776   9.69051257E-07
        1210         777   9.38959374E-07
        1211         777   9.80821937E-07
        1212         778   9.45771376E-07
        1213         778   9.88109377E-07
        1214         779   9.53882932E-07
        1215         779   9.95198093E-07
        1216         780   9.62604986E-07
        1217         781   9.29705550E-07
        1218         781   9.69404709E-07
        1219         782   9.38620246E-07
        1220         782   9.78704747E-07
        1221         783   9.45891657E-07
        1222         783   9.86682153E-07
        1223         784   9.54516963E-07
        1224         784   9.95545406E-07
        1225         785   9.61845899E-07
        1226         786   9.28951067E-07
        1227         786   9.70548626E-07
        1228         787   9.36922447E-07
        1229         787   9.77194986E-07
        1230         788   9.45445834E-07
        1231         788   9.86201144E-07
        1232         789   9.54065627E-07
        1233         789   9.94797915E-07
        1234         790   9.60720513E-07
        1235         791   9.30011765E-07
        1236         791   9.69626853E-07
        1237         792   9.37862637E-07
        1238         792   9.79887545E-07
        1239         793   9.45751253E-07
        1240         793   9.85574047E-07
        1241         794   9.52376695E-07
        1242         794   9.93777007E-07
        1243         795   9.60518719E-07
        1244         796   9.27483939E-07
        1245         796   9.68248628E-07
