           6          22   5.32604247E-07
           7          26   5.22132154E-07
           8          29   7.05384025E-07
           9          31   8.68515315E-07
          10          33   9.72736984E-07
          11          35   9.15905844E-07
          12          37   8.59433612E-07
          13          39   7.42499424E-07
          14          40   8.19944546E-07
          15          42   7.14690259E-07
          16          43   7.70589736E-07
          17          44   7.92640037E-07
          18          45   8.73629972E-07
          19          46   9.18890294E-07
          20          47   9.63666366E-07
          21          48   9.63175125E-07
          22          50   7.69456676E-07
          23          51   7.48788580E-07
          24          52   7.67552706E-07
          25          53   7.92074900E-07
          26          54   7.87641511E-07
          27          54   9.71882059E-07
          28          55   9.66112680E-07
          29          56   9.94708103E-07
          30          57   9.62291438E-07
          31          58   9.57769885E-07
          32          59   9.47960814E-07
          33          60   9.04705075E-07
          34          61   8.58909175E-07
          35          62   8.43486248E-07
          36          63   8.57485702E-07
          37          64   8.20495643E-07
          38          65   8.06298544E-07
          39          66   7.31957243E-07
          40          66   9.67734309E-07
          41          67   9.24397455E-07
          42          68   8.86538487E-07
          43          69   8.36459378E-07
          44          70   8.07720710E-07
          45          71   7.85896020E-07
          46          71   9.51789048E-07
          47          72   9.41923076E-07
          48          73   8.68073926E-07
          49          74   8.47298736E-07
          50          75   7.99948737E-07
          51          76   7.68552866E-07
          52          76   9.46972534E-07
          53          77   8.96256211E-07
          54          78   8.42498025E-07
          55          79   8.28305815E-07
          56          80   7.77799812E-07
          57          80   9.59860813E-07
          58          81   9.11351037E-07
          59          82   8.61751062E-07
          60          83   8.09925325E-07
          61          83   9.90611852E-07
          62          84   9.51523532E-07
          63          85   8.81454582E-07
          64          86   8.42388431E-07
          65          87   7.98039196E-07
          66          87   9.93624781E-07
          67          88   9.18904846E-07
          68          89   8.70793201E-07
          69          90   8.30378553E-07
          70          90   9.69592634E-07
          71          91   9.22456763E-07
          72          92   8.73000829E-07
          73          93   8.24906579E-07
          74          93   9.85315182E-07
          75          94   9.07530080E-07
          76          95   8.74432317E-07
          77          96   8.34622995E-07
          78          96   9.58638793E-07
          79          97   9.06587672E-07
          80          98   8.60556838E-07
          81          99   8.29819555E-07
          82          99   9.75285730E-07
          83         100   9.04818194E-07
          84         101   8.69099267E-07
          85         102   8.42295492E-07
          86         102   9.66737275E-07
          87         103   8.89789590E-07
          88         104   8.57808004E-07
          89         105   8.11510063E-07
          90         105   9.64393621E-07
          91         106   8.82504082E-07
          92         107   8.29541136E-07
          93         107   9.62948434E-07
          94         108   9.26135499E-07
          95         109   8.52858989E-07
          96         110   8.01005456E-07
          97         110   9.41481119E-07
          98         111   9.00905547E-07
          99         112   8.36451022E-07
         100         112   9.72000521E-07
         101         113   9.26669088E-07
         102         114   8.72685916E-07
         103         115   8.22726463E-07
         104         115   9.47780961E-07
         105         116   8.79080005E-07
         106         117   8.29101054E-07
         107         117   9.69115717E-07
         108         118   9.02863576E-07
         109         119   8.61279773E-07
         110         119   9.76203978E-07
         111         120   9.23025539E-07
         112         121   8.86561622E-07
         113         122   8.27004669E-07
         114         122   9.47296940E-07
         115         123   9.21076150E-07
         116         124   8.38992150E-07
         117         124   9.60273155E-07
         118         125   9.05940567E-07
         119         126   8.68771281E-07
         120         126   9.76005822E-07
         121         127   9.32785213E-07
         122         128   8.50331389E-07
         123         128   9.89557407E-07
         124         129   9.42638451E-07
         125         130   8.76416891E-07
         126         131   8.35553919E-07
         127         131   9.52589289E-07
         128         132   8.87785347E-07
         129         132   9.99534450E-07
         130         133   9.62060312E-07
         131         134   9.03295756E-07
         132         135   8.45530110E-07
         133         135   9.58065812E-07
         134         136   9.14698603E-07
         135         137   8.66783978E-07
         136         137   9.77061177E-07
         137         138   9.38441644E-07
         138         139   8.67574556E-07
         139         139   9.69314215E-07
         140         140   9.27945791E-07
         141         141   8.54367613E-07
         142         141   9.71331247E-07
         143         142   9.36798813E-07
         144         143   8.62039826E-07
         145         143   9.83913310E-07
         146         144   9.34565946E-07
         147         145   8.68837049E-07
         148         145   9.94816787E-07
         149         146   9.31302282E-07
         150         147   8.73232693E-07
         151         147   9.86547093E-07
         152         148   9.22581251E-07
         153         149   8.67945573E-07
         154         149   9.75870535E-07
         155         150   9.36266872E-07
         156         151   8.58214776E-07
         157         151   9.88483748E-07
         158         152   9.25969005E-07
         159         153   8.74432146E-07
         160         153   9.85379529E-07
         161         154   9.46045077E-07
         162         155   8.57335124E-07
         163         155   9.79157107E-07
         164         156   9.06750302E-07
         165         157   8.50366803E-07
         166         157   9.80742698E-07
         167         158   9.01535770E-07
         168         159   8.56050065E-07
         169         159   9.51468508E-07
         170         160   8.97703671E-07
         171         161   8.42235067E-07
         172         161   9.39372569E-07
         173         162   8.98146027E-07
         174         163   8.36609388E-07
         175         163   9.40473910E-07
         176         164   8.91515185E-07
         177         164   9.92710056E-07
         178         165   9.43245880E-07
         179         166   8.82094696E-07
         180         166   9.88126658E-07
         181         167   9.27414931E-07
         182         168   8.86151042E-07
         183         168   9.82902634E-07
         184         169   9.12208009E-07
         185         170   8.62680224E-07
         186         170   9.64957394E-07
         187         171   9.21654419E-07
         188         172   8.81001483E-07
         189         172   9.59416298E-07
         190         173   8.96537870E-07
         191         174   8.55486178E-07
         192         174   9.56642111E-07
         193         175   8.86253133E-07
         194         175   9.93510753E-07
         195         176   9.24955259E-07
         196         177   8.87513806E-07
         197         177   9.75689545E-07
         198         178   9.26025734E-07
         199         179   8.73731153E-07
         200         179   9.71728696E-07
         201         180   9.09611970E-07
         202         181   8.69043674E-07
         203         181   9.66904850E-07
         204         182   8.86983514E-07
         205         182   9.93005187E-07
         206         183   9.35866751E-07
         207         184   8.88563648E-07
         208         184   9.78307412E-07
         209         185   9.30812860E-07
         210         186   8.69272867E-07
         211         186   9.67367441E-07
         212         187   9.01974602E-07
         213         188   8.61134652E-07
         214         188   9.63158300E-07
         215         189   8.94882362E-07
         216         189   9.89543992E-07
         217         190   9.37981383E-07
         218         191   8.84815677E-07
         219         191   9.79825359E-07
         220         192   9.42198085E-07
         221         193   8.82648408E-07
         222         193   9.72890462E-07
         223         194   9.01101373E-07
         224         194   9.93227673E-07
         225         195   9.46015575E-07
         226         196   8.88398915E-07
         227         196   9.79113224E-07
         228         197   9.39711924E-07
         229         198   8.87829685E-07
         230         198   9.71355348E-07
         231         199   9.16154193E-07
         232         200   8.69710050E-07
         233         200   9.57868110E-07
         234         201   9.11160555E-07
         235         202   8.53883193E-07
         236         202   9.36595256E-07
         237         203   8.88806767E-07
         238         203   9.80295795E-07
         239         204   9.27028680E-07
         240         205   8.68291977E-07
         241         205   9.62107947E-07
         242         206   9.12979147E-07
         243         207   8.65807635E-07
         244         207   9.50686228E-07
         245         208   8.85325790E-07
         246         208   9.81340122E-07
         247         209   9.30193892E-07
         248         210   8.81983340E-07
         249         210   9.54996949E-07
         250         211   9.16104966E-07
         251         212   8.62985985E-07
         252         212   9.40578389E-07
         253         213   8.97747270E-07
         254         213   9.88379043E-07
         255         214   9.44455564E-07
         256         215   8.84475241E-07
         257         215   9.64692276E-07
         258         216   9.11823008E-07
         259         217   8.69246321E-07
         260         217   9.59802946E-07
         261         218   8.96392805E-07
         262         218   9.84755275E-07
         263         219   9.33289584E-07
         264         220   8.91967545E-07
         265         220   9.75465582E-07
         266         221   9.24319465E-07
         267         222   8.72114924E-07
         268         222   9.63135903E-07
         269         223   9.07628817E-07
         270         223   9.85616907E-07
         271         224   9.30972590E-07
         272         225   8.90176750E-07
         273         225   9.78551157E-07
         274         226   9.21485707E-07
         275         227   8.75639955E-07
         276         227   9.50225569E-07
         277         228   9.11463417E-07
         278         228   9.94415132E-07
         279         229   9.44073577E-07
         280         230   8.93869128E-07
         281         230   9.79750666E-07
         282         231   9.25566439E-07
         283         232   8.75027183E-07
         284         232   9.61041906E-07
         285         233   9.03699629E-07
         286         233   9.87223075E-07
         287         234   9.33262754E-07
         288         235   8.90584772E-07
         289         235   9.70609563E-07
         290         236   9.20977186E-07
         291         236   9.96466952E-07
         292         237   9.54593020E-07
         293         238   9.03920750E-07
         294         238   9.83640803E-07
         295         239   9.38545895E-07
         296         240   8.90885701E-07
         297         240   9.68791142E-07
         298         241   9.24682467E-07
         299         242   8.78130606E-07
         300         242   9.55708174E-07
         301         243   8.97803545E-07
         302         243   9.78037178E-07
         303         244   9.35180140E-07
         304         245   8.94053130E-07
         305         245   9.69052735E-07
         306         246   9.32554769E-07
         307         247   8.81833444E-07
         308         247   9.52370158E-07
         309         248   9.11901736E-07
         310         248   9.88427587E-07
         311         249   9.39764050E-07
         312         250   8.93240610E-07
         313         250   9.68125732E-07
         314         251   9.21878552E-07
         315         252   8.83739403E-07
         316         252   9.61231308E-07
         317         253   9.16574095E-07
         318         253   9.92760874E-07
         319         254   9.37833818E-07
         320         255   8.88219404E-07
         321         255   9.68161999E-07
         322         256   9.26422842E-07
         323         257   8.82872655E-07
         324         257   9.59262366E-07
         325         258   9.18986302E-07
         326         258   9.94984248E-07
         327         259   9.54264010E-07
         328         260   9.13350505E-07
         329         260   9.82469032E-07
         330         261   9.40351697E-07
         331         262   8.97851749E-07
         332         262   9.73670922E-07
         333         263   9.31775276E-07
         334         264   8.81335836E-07
         335         264   9.56383246E-07
         336         265   9.08155755E-07
         337         265   9.81580911E-07
         338         266   9.32794535E-07
         339         267   8.88744523E-07
         340         267   9.66842094E-07
         341         268   9.21668288E-07
         342         268   9.98527980E-07
         343         269   9.51668710E-07
         344         270   9.10609003E-07
         345         270   9.82839424E-07
         346         271   9.44015142E-07
         347         272   9.00181476E-07
         348         272   9.69617190E-07
         349         273   9.28077554E-07
         350         273   9.99159283E-07
         351         274   9.65143727E-07
         352         275   9.15522094E-07
         353         275   9.89773525E-07
         354         276   9.48267257E-07
         355         277   9.07284118E-07
         356         277   9.83414225E-07
         357         278   9.38811183E-07
         358         279   8.96112624E-07
         359         279   9.64777314E-07
         360         280   9.28912698E-07
         361         280   9.97692609E-07
         362         281   9.56589247E-07
         363         282   9.13761937E-07
         364         282   9.86728196E-07
         365         283   9.43476607E-07
         366         284   9.04837975E-07
         367         284   9.75068360E-07
         368         285   9.34059756E-07
         369         286   8.95560277E-07
         370         286   9.66226821E-07
         371         287   9.25518350E-07
         372         287   9.97651455E-07
         373         288   9.52380617E-07
         374         289   9.14586508E-07
         375         289   9.83644327E-07
         376         290   9.43361329E-07
         377         291   9.01681688E-07
         378         291   9.70719952E-07
         379         292   9.30099475E-07
         380         293   8.91248476E-07
         381         293   9.62805871E-07
         382         294   9.19537683E-07
         383         294   9.93302137E-07
         384         295   9.50020706E-07
         385         296   9.11025495E-07
         386         296   9.82813617E-07
         387         297   9.41452186E-07
         388         298   9.00772193E-07
         389         298   9.70069777E-07
         390         299   9.29796386E-07
         391         300   8.90592617E-07
         392         300   9.59605813E-07
         393         301   9.18863861E-07
         394         301   9.89631189E-07
         395         302   9.48937952E-07
         396         303   9.08161837E-07
         397         303   9.77719537E-07
         398         304   9.36691492E-07
         399         305   8.98474468E-07
         400         305   9.68014319E-07
         401         306   9.29677014E-07
         402         307   8.88911927E-07
         403         307   9.56900067E-07
         404         308   9.16060173E-07
         405         308   9.84117946E-07
         406         309   9.46510681E-07
         407         310   9.07378023E-07
         408         310   9.74538580E-07
         409         311   9.35087257E-07
         410         312   8.97497216E-07
         411         312   9.66266271E-07
         412         313   9.26982807E-07
         413         313   9.95956270E-07
         414         314   9.55253199E-07
         415         315   9.14121756E-07
         416         315   9.83013251E-07
         417         316   9.44597843E-07
         418         317   9.06498144E-07
         419         317   9.72817361E-07
         420         318   9.33126216E-07
         421         319   8.94619063E-07
         422         319   9.61391038E-07
         423         320   9.22136962E-07
         424         320   9.91414254E-07
         425         321   9.50694982E-07
         426         322   9.12443625E-07
         427         322   9.78842650E-07
         428         323   9.40653990E-07
         429         324   9.02065210E-07
         430         324   9.68378458E-07
         431         325   9.29790417E-07
         432         325   9.97752181E-07
         433         326   9.58280793E-07
         434         327   9.18501428E-07
         435         327   9.86171472E-07
         436         328   9.46488626E-07
         437         329   9.06927028E-07
         438         329   9.73779720E-07
         439         330   9.35509036E-07
         440         331   8.96842778E-07
         441         331   9.61989372E-07
         442         332   9.24710434E-07
         443         332   9.91487013E-07
         444         333   9.51266884E-07
         445         334   9.13827364E-07
         446         334   9.79932111E-07
         447         335   9.40420421E-07
         448         336   9.01778776E-07
         449         336   9.67188498E-07
         450         337   9.29724422E-07
         451         337   9.95815640E-07
         452         338   9.56281951E-07
         453         339   9.18232104E-07
         454         339   9.83942641E-07
         455         340   9.44904855E-07
         456         341   9.07521780E-07
         457         341   9.72068278E-07
         458         342   9.33481488E-07
         459         342   9.99936788E-07
         460         343   9.59836484E-07
         461         344   9.21272033E-07
         462         344   9.86714326E-07
         463         345   9.48396632E-07
         464         346   9.10430686E-07
         465         346   9.74848263E-07
         466         347   9.36702293E-07
         467         348   8.99312795E-07
         468         348   9.62811782E-07
         469         349   9.24687470E-07
         470         349   9.89825480E-07
         471         350   9.51109598E-07
         472         351   9.13432132E-07
         473         351   9.77528543E-07
         474         352   9.38003723E-07
         475         353   9.01162878E-07
         476         353   9.64228207E-07
         477         354   9.26341158E-07
         478         354   9.91094566E-07
         479         355   9.52174105E-07
         480         356   9.14454347E-07
         481         356   9.77684749E-07
         482         357   9.38411461E-07
         483         358   9.02418378E-07
         484         358   9.64907940E-07
         485         359   9.25963946E-07
         486         359   9.90157218E-07
         487         360   9.52176038E-07
         488         361   9.13328222E-07
         489         361   9.76287311E-07
         490         362   9.38864218E-07
         491         363   9.00880309E-07
         492         363   9.62445483E-07
         493         364   9.25914890E-07
         494         364   9.89354476E-07
         495         365   9.50944411E-07
         496         366   9.15024032E-07
         497         366   9.77476702E-07
         498         367   9.39105178E-07
         499         368   9.03323951E-07
         500         368   9.65343020E-07
         501         369   9.26488212E-07
         502         369   9.88821171E-07
         503         370   9.50427079E-07
         504         371   9.12862333E-07
         505         371   9.74790169E-07
         506         372   9.38099447E-07
         507         373   8.99699330E-07
         508         373   9.61075898E-07
         509         374   9.22565334E-07
         510         374   9.86238433E-07
         511         375   9.45870795E-07
         512         376   9.08937238E-07
         513         376   9.70634119E-07
         514         377   9.32189892E-07
         515         377   9.95016535E-07
         516         378   9.56195095E-07
         517         379   9.19081060E-07
         518         379   9.80526693E-07
         519         380   9.42170914E-07
         520         381   9.05099967E-07
         521         381   9.66175321E-07
         522         382   9.28151564E-07
         523         382   9.90967351E-07
         524         383   9.51225672E-07
         525         384   9.14650457E-07
         526         384   9.74965587E-07
         527         385   9.37048071E-07
         528         385   9.97996267E-07
         529         386   9.59635145E-07
         530         387   9.21398566E-07
         531         387   9.82146389E-07
         532         388   9.45251031E-07
         533         389   9.08023480E-07
         534         389   9.68658242E-07
         535         390   9.30834915E-07
         536         390   9.92166633E-07
         537         391   9.53149993E-07
         538         392   9.16474107E-07
         539         392   9.75683633E-07
         540         393   9.37982804E-07
         541         393   9.99471922E-07
         542         394   9.60223019E-07
         543         395   9.24506310E-07
         544         395   9.84761641E-07
         545         396   9.45906493E-07
         546         397   9.08179231E-07
         547         397   9.68377776E-07
         548         398   9.29878297E-07
         549         398   9.90841727E-07
         550         399   9.52535572E-07
         551         400   9.14075088E-07
         552         400   9.74137265E-07
         553         401   9.36624417E-07
         554         401   9.98385190E-07
         555         402   9.59784302E-07
         556         403   9.20927960E-07
         557         403   9.80664140E-07
         558         404   9.43409589E-07
         559         405   9.07169408E-07
         560         405   9.64403625E-07
         561         406   9.26509074E-07
         562         406   9.86583359E-07
         563         407   9.47271644E-07
         564         408   9.10753840E-07
         565         408   9.68761015E-07
         566         409   9.33308968E-07
         567         409   9.93066578E-07
         568         410   9.53899871E-07
         569         411   9.16966144E-07
         570         411   9.74878617E-07
         571         412   9.38394066E-07
         572         412   9.98998530E-07
         573         413   9.58179498E-07
         574         414   9.21206947E-07
         575         414   9.78970888E-07
         576         415   9.43430678E-07
         577         416   9.05253273E-07
         578         416   9.63164780E-07
         579         417   9.25460938E-07
         580         417   9.82921392E-07
         581         418   9.46630109E-07
         582         419   9.09120899E-07
         583         419   9.65232516E-07
         584         420   9.29063560E-07
         585         420   9.86583586E-07
         586         421   9.47876686E-07
         587         422   9.12739722E-07
         588         422   9.71370469E-07
         589         423   9.30530177E-07
         590         423   9.89629598E-07
         591         424   9.51806442E-07
         592         425   9.15653345E-07
         593         425   9.73607825E-07
         594         426   9.36560298E-07
         595         426   9.94923880E-07
         596         427   9.56884151E-07
         597         428   9.17841703E-07
         598         428   9.74162049E-07
         599         429   9.38181870E-07
         600         429   9.96528911E-07
         601         430   9.57263524E-07
         602         431   9.20709965E-07
         603         431   9.76079946E-07
         604         432   9.40574239E-07
         605         432   9.98110295E-07
         606         433   9.60018042E-07
         607         434   9.24550420E-07
         608         434   9.78579010E-07
         609         435   9.39490576E-07
         610         435   9.96795279E-07
         611         436   9.62984359E-07
         612         437   9.26393170E-07
         613         437   9.82789857E-07
         614         438   9.43385260E-07
         615         439   9.07873186E-07
         616         439   9.62861918E-07
         617         440   9.22375989E-07
         618         440   9.80617415E-07
         619         441   9.43640600E-07
         620         442   9.07030369E-07
         621         442   9.62298373E-07
         622         443   9.24362723E-07
         623         443   9.80754407E-07
         624         444   9.45102556E-07
         625         445   9.06641276E-07
         626         445   9.60503939E-07
         627         446   9.25152960E-07
         628         446   9.80769755E-07
         629         447   9.43869168E-07
         630         448   9.08856293E-07
         631         448   9.63418188E-07
         632         449   9.24960091E-07
         633         449   9.80963136E-07
         634         450   9.43144528E-07
         635         451   9.06433968E-07
         636         451   9.60851821E-07
         637         452   9.22884965E-07
         638         452   9.78721687E-07
         639         453   9.41118913E-07
         640         453   9.98545374E-07
         641         454   9.60281454E-07
         642         455   9.19971569E-07
         643         455   9.76021283E-07
         644         456   9.36780850E-07
         645         456   9.93381036E-07
         646         457   9.56831400E-07
         647         458   9.20776529E-07
         648         458   9.76246724E-07
         649         459   9.37038919E-07
         650         459   9.92866717E-07
         651         460   9.54620646E-07
         652         461   9.18607100E-07
         653         461   9.73561441E-07
         654         462   9.34231025E-07
         655         462   9.89746809E-07
         656         463   9.50576407E-07
         657         464   9.12262522E-07
         658         464   9.67550591E-07
         659         465   9.33024751E-07
         660         465   9.88328793E-07
         661         466   9.48039030E-07
         662         467   9.11191023E-07
         663         467   9.65488312E-07
         664         468   9.29366195E-07
         665         468   9.84556436E-07
         666         469   9.44562089E-07
         667         470   9.08345783E-07
         668         470   9.62018248E-07
         669         471   9.25266249E-07
         670         471   9.79293873E-07
         671         472   9.39888537E-07
         672         472   9.95722985E-07
         673         473   9.58990199E-07
         674         474   9.21090987E-07
         675         474   9.75583134E-07
         676         475   9.37722234E-07
         677         475   9.92937089E-07
         678         476   9.55873816E-07
         679         477   9.17743137E-07
         680         477   9.71375698E-07
         681         478   9.34387799E-07
         682         478   9.90162221E-07
         683         479   9.51343054E-07
         684         480   9.15030228E-07
         685         480   9.68293079E-07
         686         481   9.30863905E-07
         687         481   9.84930693E-07
         688         482   9.47288527E-07
         689         483   9.09379139E-07
         690         483   9.62482545E-07
         691         484   9.25826100E-07
         692         484   9.79580818E-07
         693         485   9.42166764E-07
         694         485   9.96829499E-07
         695         486   9.59598310E-07
         696         487   9.22880361E-07
         697         487   9.74879640E-07
         698         488   9.38020207E-07
         699         488   9.91858542E-07
         700         489   9.55178052E-07
         701         490   9.16979559E-07
         702         490   9.69745884E-07
         703         491   9.33721026E-07
         704         491   9.87903036E-07
         705         492   9.48251397E-07
         706         493   9.13790473E-07
         707         493   9.65984555E-07
         708         494   9.28152986E-07
         709         494   9.81199037E-07
         710         495   9.43831935E-07
         711         495   9.97539360E-07
         712         496   9.59474164E-07
         713         497   9.22607228E-07
         714         497   9.76152592E-07
         715         498   9.39034123E-07
         716         498   9.91490083E-07
         717         499   9.53048698E-07
         718         500   9.17384682E-07
         719         500   9.68654945E-07
         720         501   9.32008561E-07
         721         501   9.85086899E-07
         722         502   9.46533589E-07
         723         503   9.09993844E-07
         724         503   9.61928436E-07
         725         504   9.27041867E-07
         726         504   9.79608899E-07
         727         505   9.39733070E-07
         728         505   9.92533046E-07
         729         506   9.55499445E-07
         730         507   9.19024899E-07
         731         507   9.71736881E-07
         732         508   9.33463809E-07
         733         508   9.85599513E-07
         734         509   9.48525155E-07
         735         510   9.12497057E-07
         736         510   9.63246407E-07
         737         511   9.27220697E-07
         738         511   9.79899369E-07
         739         512   9.40112727E-07
         740         512   9.92925493E-07
         741         513   9.56177246E-07
         742         514   9.22293680E-07
         743         514   9.72918315E-07
         744         515   9.34938100E-07
         745         515   9.87378485E-07
         746         516   9.50508536E-07
         747         517   9.14038139E-07
         748         517   9.64694436E-07
         749         518   9.27281008E-07
         750         518   9.78550815E-07
         751         519   9.40807638E-07
         752         519   9.93273034E-07
         753         520   9.55626206E-07
         754         521   9.19652848E-07
         755         521   9.70905035E-07
         756         522   9.34646209E-07
         757         522   9.85648967E-07
         758         523   9.46806381E-07
         759         523   9.99328563E-07
         760         524   9.62393642E-07
         761         525   9.25392158E-07
         762         525   9.76568572E-07
         763         526   9.38754511E-07
         764         526   9.89490218E-07
         765         527   9.52172854E-07
         766         528   9.16438353E-07
         767         528   9.66157813E-07
         768         529   9.30242152E-07
         769         529   9.81572498E-07
         770         530   9.44776843E-07
         771         530   9.96130325E-07
         772         531   9.56818326E-07
         773         532   9.19856063E-07
         774         532   9.70929932E-07
         775         533   9.34693901E-07
         776         533   9.86392706E-07
         777         534   9.46750959E-07
         778         534   9.98616088E-07
         779         535   9.61248929E-07
         780         536   9.27120084E-07
         781         536   9.77056175E-07
         782         537   9.38533049E-07
         783         537   9.89424393E-07
         784         538   9.53166591E-07
         785         539   9.17177545E-07
         786         539   9.66949983E-07
         787         540   9.31269938E-07
         788         540   9.81779294E-07
         789         541   9.42766178E-07
         790         541   9.93017238E-07
         791         542   9.57114707E-07
         792         543   9.21089622E-07
         793         543   9.70233145E-07
         794         544   9.33390993E-07
         795         544   9.83329642E-07
         796         545   9.46243972E-07
         797         545   9.96791414E-07
         798         546   9.61324304E-07
         799         547   9.23113703E-07
         800         547   9.72967769E-07
         801         548   9.36443087E-07
         802         548   9.87192834E-07
         803         549   9.49813682E-07
         804         549   9.99862209E-07
         805         550   9.64908963E-07
         806         551   9.29346925E-07
         807         551   9.78359253E-07
         808         552   9.39840561E-07
         809         552   9.90412104E-07
         810         553   9.55152245E-07
         811         554   9.20555294E-07
         812         554   9.69436428E-07
         813         555   9.30860608E-07
         814         555   9.79991455E-07
         815         556   9.43875193E-07
         816         556   9.93729145E-07
         817         557   9.55892574E-07
         818         558   9.21267542E-07
         819         558   9.70112865E-07
         820         559   9.32965293E-07
         821         559   9.82254392E-07
         822         560   9.46277453E-07
         823         560   9.95878736E-07
         824         561   9.58062515E-07
         825         562   9.22218192E-07
         826         562   9.70911856E-07
         827         563   9.35448497E-07
         828         563   9.84036433E-07
         829         564   9.47613046E-07
         830         564   9.96958079E-07
         831         565   9.58791134E-07
         832         566   9.23875746E-07
         833         566   9.72292014E-07
         834         567   9.35803541E-07
         835         567   9.86132591E-07
         836         568   9.47305864E-07
         837         568   9.97027655E-07
         838         569   9.61856244E-07
         839         570   9.23676907E-07
         840         570   9.72413773E-07
         841         571   9.36900392E-07
         842         571   9.85049041E-07
         843         572   9.48404420E-07
         844         572   9.98053793E-07
         845         573   9.60766101E-07
         846         574   9.25934444E-07
         847         574   9.73788360E-07
         848         575   9.37439950E-07
         849         575   9.85660904E-07
         850         576   9.49084097E-07
         851         576   9.97978418E-07
         852         577   9.61266551E-07
         853         578   9.24604194E-07
         854         578   9.73795181E-07
         855         579   9.36485094E-07
         856         579   9.83786208E-07
         857         580   9.49364789E-07
         858         580   9.98666792E-07
         859         581   9.58925966E-07
         860         582   9.24278140E-07
         861         582   9.71685040E-07
         862         583   9.36446099E-07
         863         583   9.84791200E-07
         864         584   9.48190632E-07
         865         584   9.97306074E-07
         866         585   9.59202453E-07
         867         586   9.24532458E-07
         868         586   9.72079988E-07
         869         587   9.36296431E-07
         870         587   9.84470034E-07
         871         588   9.47354295E-07
         872         588   9.95022788E-07
         873         589   9.59534191E-07
         874         590   9.23365519E-07
         875         590   9.70448809E-07
         876         591   9.35145010E-07
         877         591   9.82288498E-07
         878         592   9.47119474E-07
         879         592   9.94863512E-07
         880         593   9.57691896E-07
         881         594   9.21983428E-07
         882         594   9.68700078E-07
         883         595   9.33440731E-07
         884         595   9.81568064E-07
         885         596   9.44699821E-07
         886         596   9.92353307E-07
         887         597   9.56001372E-07
         888         598   9.19915010E-07
         889         598   9.67073447E-07
         890         599   9.33234162E-07
         891         599   9.79983724E-07
         892         600   9.43145039E-07
         893         600   9.90629928E-07
         894         601   9.54366328E-07
         895         602   9.18531214E-07
         896         602   9.64684773E-07
         897         603   9.30574970E-07
         898         603   9.76958290E-07
         899         604   9.42515499E-07
         900         604   9.89387217E-07
         901         605   9.53362530E-07
         902         606   9.17146849E-07
         903         606   9.62598847E-07
         904         607   9.28034922E-07
         905         607   9.74399995E-07
         906         608   9.39068286E-07
         907         608   9.85668521E-07
         908         609   9.50164463E-07
         909         609   9.97271627E-07
         910         610   9.60370016E-07
         911         611   9.25331676E-07
         912         611   9.71523150E-07
         913         612   9.36506638E-07
         914         612   9.83721407E-07
         915         613   9.46539046E-07
         916         613   9.94021093E-07
         917         614   9.56588110E-07
         918         615   9.23466700E-07
         919         615   9.69244411E-07
         920         616   9.34630123E-07
         921         616   9.81357061E-07
         922         617   9.45527233E-07
         923         617   9.91165393E-07
         924         618   9.55285827E-07
         925         619   9.21691878E-07
         926         619   9.66973516E-07
         927         620   9.30209183E-07
         928         620   9.76324827E-07
         929         621   9.42594681E-07
         930         621   9.89211344E-07
         931         622   9.52105097E-07
         932         622   9.99017175E-07
         933         623   9.63435696E-07
         934         624   9.26998837E-07
         935         624   9.72905355E-07
         936         625   9.39510301E-07
         937         625   9.84797907E-07
         938         626   9.49437606E-07
         939         626   9.96161020E-07
         940         627   9.60042257E-07
         941         628   9.25750385E-07
         942         628   9.70145038E-07
         943         629   9.35025412E-07
         944         629   9.80200866E-07
         945         630   9.46230045E-07
         946         630   9.91334446E-07
         947         631   9.55378368E-07
         948         632   9.20460764E-07
         949         632   9.65511163E-07
         950         633   9.31066836E-07
         951         633   9.76509114E-07
         952         634   9.41522899E-07
         953         634   9.87132466E-07
         954         635   9.51444008E-07
         955         635   9.97686698E-07
         956         636   9.61057822E-07
         957         637   9.27258554E-07
         958         637   9.72318617E-07
         959         638   9.36906758E-07
         960         638   9.82516553E-07
         961         639   9.47270905E-07
         962         639   9.93343974E-07
         963         640   9.56694976E-07
         964         641   9.23662981E-07
         965         641   9.67945539E-07
         966         642   9.32956027E-07
         967         642   9.76951128E-07
         968         643   9.43519410E-07
         969         643   9.88470447E-07
         970         644   9.53202004E-07
         971         644   9.98970336E-07
         972         645   9.62485046E-07
         973         646   9.27414760E-07
         974         646   9.71099894E-07
         975         647   9.38206256E-07
         976         647   9.82861025E-07
         977         648   9.48117702E-07
         978         648   9.94118750E-07
         979         649   9.57057068E-07
         980         650   9.24445999E-07
         981         650   9.67940309E-07
         982         651   9.33692377E-07
         983         651   9.77245804E-07
         984         652   9.42864290E-07
         985         652   9.88208512E-07
         986         653   9.52778123E-07
         987         653   9.97790380E-07
         988         654   9.62245053E-07
         989         655   9.30111014E-07
         990         655   9.74148406E-07
         991         656   9.37792890E-07
         992         656   9.82535994E-07
         993         657   9.46923535E-07
         994         657   9.92104447E-07
         995         658   9.56295366E-07
         996         659   9.22435731E-07
         997         659   9.65907134E-07
         998         660   9.32793910E-07
         999         660   9.77413151E-07
        1000         661   9.42721726E-07
        1001         661   9.86961936E-07
        1002         662   9.51716913E-07
        1003         662   9.97211941E-07
        1004         663   9.60646162E-07
        1005         664   9.27917029E-07
        1006         664   9.71842155E-07
        1007         665   9.37102527E-07
        1008         665   9.81080916E-07
        1009         666   9.45865565E-07
        1010         666   9.89973614E-07
        1011         667   9.56454642E-07
        1012         668   9.20921877E-07
        1013         668   9.65057893E-07
        1014         669   9.30378633E-07
        1015         669   9.74611339E-07
        1016         670   9.41180019E-07
        1017         670   9.84569169E-07
        1018         671   9.48983370E-07
        1019         671   9.93647859E-07
        1020         672   9.59294653E-07
        1021         673   9.25342192E-07
        1022         673   9.68715995E-07
        1023         674   9.35522337E-07
        1024         674   9.78400521E-07
        1025         675   9.42977294E-07
        1026         675   9.87597900E-07
        1027         676   9.53741392E-07
        1028         676   9.97172265E-07
        1029         677   9.61712431E-07
        1030         678   9.29292071E-07
        1031         678   9.71869554E-07
        1032         679   9.38199378E-07
        1033         679   9.81101493E-07
        1034         680   9.46831904E-07
        1035         680   9.90221565E-07
        1036         681   9.56904273E-07
        1037         682   9.22918105E-07
        1038         682   9.66248763E-07
        1039         683   9.31714681E-07
        1040         683   9.74113391E-07
        1041         684   9.41604696E-07
        1042         684   9.84649773E-07
        1043         685   9.50543722E-07
        1044         685   9.94003017E-07
        1045         686   9.60017815E-07
        1046         687   9.26568646E-07
        1047         687   9.69280450E-07
        1048         688   9.34505636E-07
        1049         688   9.77290597E-07
        1050         689   9.42756856E-07
        1051         689   9.87011049E-07
        1052         690   9.52438938E-07
        1053         690   9.95534606E-07
        1054         691   9.62355784E-07
        1055         692   9.28148097E-07
        1056         692   9.70527481E-07
        1057         693   9.37229174E-07
        1058         693   9.80246341E-07
        1059         694   9.45928775E-07
        1060         694   9.88746933E-07
        1061         695   9.54278221E-07
        1062         695   9.97996835E-07
        1063         696   9.63221623E-07
        1064         697   9.30705426E-07
        1065         697   9.72872726E-07
        1066         698   9.38419021E-07
        1067         698   9.81061021E-07
        1068         699   9.47175749E-07
        1069         699   9.89491241E-07
        1070         700   9.56924964E-07
        1071         701   9.23852099E-07
        1072         701   9.66063794E-07
        1073         702   9.32721548E-07
        1074         702   9.74757540E-07
        1075         703   9.40787515E-07
        1076         703   9.83607151E-07
        1077         704   9.49555556E-07
        1078         704   9.92282025E-07
        1079         705   9.58207579E-07
        1080         706   9.24730671E-07
        1081         706   9.66179186E-07
        1082         707   9.34116031E-07
        1083         707   9.75748662E-07
        1084         708   9.41894143E-07
        1085         708   9.84542567E-07
        1086         709   9.51171899E-07
        1087         709   9.94187076E-07
        1088         710   9.59269414E-07
        1089         711   9.26814664E-07
        1090         711   9.68637323E-07
        1091         712   9.34986417E-07
        1092         712   9.76724891E-07
        1093         713   9.43333816E-07
        1094         713   9.86089390E-07
        1095         714   9.51951790E-07
        1096         714   9.94976403E-07
        1097         715   9.60234729E-07
        1098         716   9.27876556E-07
        1099         716   9.69063535E-07
        1100         717   9.37033633E-07
        1101         717   9.78817525E-07
        1102         718   9.45278259E-07
        1103         718   9.87013209E-07
        1104         719   9.53438530E-07
        1105         719   9.96150561E-07
        1106         720   9.60953912E-07
        1107         721   9.29353973E-07
        1108         721   9.70555561E-07
        1109         722   9.37502250E-07
        1110         722   9.79134938E-07
        1111         723   9.45817646E-07
        1112         723   9.87902354E-07
        1113         724   9.53888616E-07
        1114         724   9.96964673E-07
        1115         725   9.61421847E-07
        1116         726   9.29762109E-07
        1117         726   9.71404233E-07
        1118         727   9.37776861E-07
        1119         727   9.79271704E-07
        1120         728   9.46490502E-07
        1121         728   9.88722718E-07
        1122         729   9.53250094E-07
        1123         729   9.95258461E-07
        1124         730   9.62155696E-07
        1125         731   9.29532405E-07
        1126         731   9.70668452E-07
        1127         732   9.37690857E-07
        1128         732   9.79654146E-07
        1129         733   9.46139778E-07
        1130         733   9.87607450E-07
        1131         734   9.54209554E-07
        1132         734   9.96262543E-07
        1133         735   9.61989372E-07
        1134         736   9.30274325E-07
        1135         736   9.71008490E-07
        1136         737   9.38315054E-07
        1137         737   9.79061497E-07
        1138         738   9.46646992E-07
        1139         738   9.88126430E-07
        1140         739   9.55341989E-07
        1141         739   9.97360303E-07
        1142         740   9.62317131E-07
        1143         741   9.30378349E-07
        1144         741   9.71358304E-07
        1145         742   9.37895152E-07
        1146         742   9.78737035E-07
        1147         743   9.46652278E-07
        1148         743   9.87534804E-07
        1149         744   9.54013672E-07
        1150         744   9.95911364E-07
        1151         745   9.63281309E-07
        1152         746   9.28983354E-07
        1153         746   9.69500775E-07
        1154         747   9.38064545E-07
        1155         747   9.79210768E-07
        1156         748   9.45376314E-07
        1157         748   9.86648729E-07
        1158         749   9.54828693E-07
        1159         749   9.96564836E-07
        1160         750   9.61642968E-07
        1161         751   9.29987152E-07
        1162         751   9.70218480E-07
        1163         752   9.38227004E-07
        1164         752   9.79068318E-07
        1165         753   9.45541217E-07
        1166         753   9.86781856E-07
        1167         754   9.52907953E-07
        1168         754   9.94053721E-07
        1169         755   9.61829187E-07
        1170         756   9.29512851E-07
        1171         756   9.69675284E-07
        1172         757   9.36869299E-07
        1173         757   9.77155310E-07
        1174         758   9.45496140E-07
        1175         758   9.85729571E-07
        1176         759   9.52709968E-07
        1177         759   9.93436629E-07
        1178         760   9.60605689E-07
        1179         761   9.29874147E-07
        1180         761   9.69411644E-07
        1181         762   9.36480092E-07
        1182         762   9.76526962E-07
        1183         763   9.44007866E-07
        1184         763   9.84647158E-07
        1185         764   9.52182745E-07
        1186         764   9.92633431E-07
        1187         765   9.60713123E-07
        1188         766   9.28706925E-07
        1189         766   9.68054678E-07
        1190         767   9.35802575E-07
        1191         767   9.76315278E-07
        1192         768   9.43573184E-07
        1193         768   9.84159101E-07
        1194         769   9.50739263E-07
        1195         769   9.91673687E-07
        1196         770   9.59232239E-07
        1197         770   9.99804456E-07
        1198         771   9.66215225E-07
        1199         772   9.33986655E-07
        1200         772   9.74106797E-07
        1201         773   9.43374289E-07
        1202         773   9.83401605E-07
        1203         774   9.50365916E-07
        1204         774   9.89975092E-07
        1205         775   9.58058649E-07
        1206         775   9.98144856E-07
        1207         776   9.65295385E-07
        1208         777   9.32644639E-07
        1209         777   9.72733233E-07
        1210         778   9.41641702E-07
        1211         778   9.81165840E-07
        1212         779   9.48954437E-07
        1213         779   9.89244313E-07
        1214         780   9.56289909E-07
        1215         780   9.96555400E-07
        1216         781   9.62498916E-07
        1217         782   9.32977798E-07
        1218         782   9.72381827E-07
        1219         783   9.39003428E-07
        1220         783   9.78378353E-07
        1221         784   9.46208161E-07
        1222         784   9.86770374E-07
        1223         785   9.54691814E-07
        1224         785   9.94238462E-07
        1225         786   9.62243348E-07
        1226         787   9.30997203E-07
        1227         787   9.70409133E-07
        1228         788   9.37216839E-07
        1229         788   9.76338811E-07
        1230         789   9.44761325E-07
        1231         789   9.84684675E-07
        1232         790   9.54099050E-07
        1233         790   9.93695949E-07
        1234         791   9.60748253E-07
        1235         792   9.29259329E-07
        1236         792   9.68314339E-07
        1237         793   9.36155345E-07
        1238         793   9.75316084E-07
        1239         794   9.44203862E-07
        1240         794   9.83623522E-07
        1241         795   9.51192305E-07
        1242         795   9.90851731E-07
        1243         796   9.58337068E-07
        1244         796   9.98289579E-07
        1245         797   9.66198741E-07
        1246         798   9.34417869E-07
        1247         798   9.73470151E-07
        1248         799   9.41568999E-07
        1249         799   9.80516234E-07
        1250         800   9.49351772E-07
        1251         800   9.89047749E-07
        1252         801   9.56351641E-07
        1253         801   9.96089511E-07
        1254         802   9.64403284E-07
        1255         803   9.32284820E-07
        1256         803   9.71198915E-07
        1257         804   9.40577308E-07
        1258         804   9.79116180E-07
        1259         805   9.47355204E-07
        1260         805   9.86188297E-07
        1261         806   9.53663289E-07
        1262         806   9.93229264E-07
        1263         807   9.61177989E-07
        1264         808   9.28978523E-07
        1265         808   9.68185191E-07
        1266         809   9.37722064E-07
        1267         809   9.76675210E-07
        1268         810   9.44736826E-07
        1269         810   9.83847826E-07
        1270         811   9.51595666E-07
        1271         811   9.90399371E-07
        1272         812   9.57751013E-07
        1273         812   9.97430107E-07
        1274         813   9.65737399E-07
        1275         814   9.35448043E-07
        1276         814   9.73470151E-07
        1277         815   9.41636642E-07
        1278         815   9.80901973E-07
        1279         816   9.48491333E-07
        1280         816   9.87656790E-07
        1281         817   9.55665428E-07
        1282         817   9.94437073E-07
        1283         818   9.62280183E-07
        1284         819   9.32219393E-07
        1285         819   9.70071028E-07
        1286         820   9.39452264E-07
        1287         820   9.77307309E-07
        1288         821   9.45941849E-07
        1289         821   9.84333155E-07
        1290         822   9.52826781E-07
        1291         822   9.91656634E-07
        1292         823   9.59613658E-07
        1293         823   9.99210215E-07
        1294         824   9.67369374E-07
        1295         825   9.35515459E-07
        1296         825   9.73825649E-07
        1297         826   9.42150052E-07
        1298         826   9.80593086E-07
        1299         827   9.50989261E-07
        1300         827   9.89032287E-07
        1301         828   9.57405291E-07
        1302         828   9.96411472E-07
        1303         829   9.63986395E-07
        1304         830   9.33227398E-07
        1305         830   9.70944484E-07
        1306         831   9.40231700E-07
        1307         831   9.78511594E-07
        1308         832   9.47455590E-07
        1309         832   9.86200689E-07
        1310         833   9.53973540E-07
        1311         833   9.92951641E-07
        1312         834   9.60908778E-07
        1313         834   9.99965209E-07
        1314         835   9.67392111E-07
        1315         836   9.37214850E-07
        1316         836   9.76267302E-07
        1317         837   9.43519751E-07
        1318         837   9.81454491E-07
        1319         838   9.50553385E-07
        1320         838   9.88728971E-07
        1321         839   9.57341740E-07
        1322         839   9.95574396E-07
        1323         840   9.65691584E-07
        1324         841   9.33837669E-07
        1325         841   9.71240411E-07
        1326         842   9.40757445E-07
        1327         842   9.78637559E-07
        1328         843   9.48364800E-07
        1329         843   9.85876454E-07
        1330         844   9.54478651E-07
        1331         844   9.93216986E-07
        1332         845   9.62436729E-07
        1333         846   9.30920294E-07
        1334         846   9.68124709E-07
        1335         847   9.38388212E-07
        1336         847   9.76142019E-07
        1337         848   9.44346993E-07
        1338         848   9.82304527E-07
        1339         849   9.50947140E-07
        1340         849   9.88717829E-07
        1341         850   9.58824444E-07
        1342         850   9.97090183E-07
        1343         851   9.64641799E-07
        1344         852   9.34951174E-07
        1345         852   9.71837608E-07
        1346         853   9.41592759E-07
        1347         853   9.78875505E-07
        1348         854   9.47121123E-07
        1349         854   9.85270731E-07
        1350         855   9.55030259E-07
        1351         855   9.92488481E-07
        1352         856   9.61115461E-07
        1353         856   9.99626650E-07
        1354         857   9.66652692E-07
        1355         858   9.37943071E-07
        1356         858   9.74723889E-07
        1357         859   9.44201133E-07
        1358         859   9.81158678E-07
        1359         860   9.51533991E-07
        1360         860   9.89078330E-07
        1361         861   9.57024326E-07
        1362         861   9.94675020E-07
        1363         862   9.63912157E-07
        1364         863   9.33991885E-07
        1365         863   9.71115924E-07
        1366         864   9.40551615E-07
        1367         864   9.77434524E-07
        1368         865   9.47431545E-07
        1369         865   9.84707981E-07
        1370         866   9.53124811E-07
        1371         866   9.90758735E-07
        1372         867   9.60633315E-07
        1373         867   9.98291398E-07
        1374         868   9.66397806E-07
        1375         869   9.37033860E-07
        1376         869   9.73926262E-07
        1377         870   9.43871328E-07
        1378         870   9.80891855E-07
        1379         871   9.50318565E-07
        1380         871   9.87430667E-07
        1381         872   9.56307304E-07
        1382         872   9.93480967E-07
        1383         873   9.62971285E-07
        1384         874   9.33467049E-07
        1385         874   9.69871280E-07
        1386         875   9.39502343E-07
        1387         875   9.75942044E-07
        1388         876   9.46018872E-07
        1389         876   9.82988809E-07
        1390         877   9.52005507E-07
        1391         877   9.89289674E-07
        1392         878   9.59426416E-07
        1393         878   9.96192284E-07
        1394         879   9.64981268E-07
        1395         880   9.35676496E-07
        1396         880   9.71979489E-07
        1397         881   9.42234408E-07
        1398         881   9.78871753E-07
        1399         882   9.48043976E-07
        1400         882   9.84674330E-07
        1401         883   9.54730240E-07
        1402         883   9.91746560E-07
        1403         884   9.61185378E-07
        1404         884   9.97760708E-07
        1405         885   9.68035579E-07
        1406         886   9.38342680E-07
        1407         886   9.74315412E-07
        1408         887   9.44202839E-07
        1409         887   9.81013386E-07
        1410         888   9.50169351E-07
        1411         888   9.87019803E-07
        1412         889   9.56724648E-07
        1413         889   9.93666845E-07
        1414         890   9.63287789E-07
        1415         891   9.33045897E-07
        1416         891   9.69146299E-07
        1417         892   9.39144400E-07
        1418         892   9.75558123E-07
        1419         893   9.45771717E-07
        1420         893   9.82292704E-07
        1421         894   9.52494361E-07
        1422         894   9.88878355E-07
        1423         895   9.59078193E-07
        1424         895   9.95414894E-07
        1425         896   9.64795049E-07
        1426         897   9.35356752E-07
        1427         897   9.71169811E-07
        1428         898   9.42170914E-07
        1429         898   9.77852210E-07
        1430         899   9.47634533E-07
        1431         899   9.84074063E-07
        1432         900   9.54324832E-07
        1433         900   9.90600029E-07
        1434         901   9.60280431E-07
        1435         901   9.96910899E-07
        1436         902   9.66408606E-07
        1437         903   9.37269988E-07
        1438         903   9.73164560E-07
        1439         904   9.42780161E-07
        1440         904   9.78855951E-07
        1441         905   9.49035154E-07
        1442         905   9.85482188E-07
        1443         906   9.54586540E-07
        1444         906   9.90894591E-07
        1445         907   9.61562478E-07
        1446         907   9.98476935E-07
        1447         908   9.68576956E-07
        1448         909   9.38653500E-07
        1449         909   9.74253339E-07
        1450         910   9.44946123E-07
        1451         910   9.80971436E-07
        1452         911   9.50920253E-07
        1453         911   9.87033673E-07
        1454         912   9.57055590E-07
        1455         912   9.93598405E-07
        1456         913   9.63987759E-07
        1457         914   9.34001491E-07
        1458         914   9.69254756E-07
        1459         915   9.39948904E-07
        1460         915   9.75228318E-07
        1461         916   9.46212310E-07
        1462         916   9.82325446E-07
        1463         917   9.52171945E-07
        1464         917   9.88245461E-07
        1465         918   9.59561021E-07
        1466         918   9.95592700E-07
        1467         919   9.64250489E-07
        1468         920   9.35630169E-07
        1469         920   9.70654582E-07
        1470         921   9.41259827E-07
        1471         921   9.76765818E-07
        1472         922   9.47344176E-07
        1473         922   9.83251198E-07
        1474         923   9.53447511E-07
        1475         923   9.89309342E-07
        1476         924   9.59017257E-07
        1477         924   9.95044047E-07
        1478         925   9.65952722E-07
        1479         926   9.37282380E-07
        1480         926   9.72101020E-07
        1481         927   9.43367695E-07
        1482         927   9.78238177E-07
        1483         928   9.48357012E-07
        1484         928   9.83961513E-07
        1485         929   9.54366783E-07
        1486         929   9.90218950E-07
        1487         930   9.60664920E-07
        1488         930   9.96458652E-07
        1489         931   9.66928610E-07
        1490         932   9.38833466E-07
        1491         932   9.73982196E-07
        1492         933   9.44312717E-07
        1493         933   9.79714741E-07
        1494         934   9.49916227E-07
        1495         934   9.84712415E-07
        1496         935   9.56003078E-07
        1497         935   9.91066599E-07
        1498         936   9.61261662E-07
        1499         936   9.96498898E-07
        1500         937   9.67945539E-07
        1501         938   9.38289361E-07
        1502         938   9.73156375E-07
        1503         939   9.43439488E-07
        1504         939   9.78613002E-07
        1505         940   9.50112053E-07
        1506         940   9.85558586E-07
        1507         941   9.55588575E-07
        1508         941   9.90489980E-07
        1509         942   9.62568947E-07
        1510         942   9.98141445E-07
        1511         943   9.67278993E-07
        1512         944   9.39053052E-07
        1513         944   9.73646024E-07
        1514         945   9.44817373E-07
        1515         945   9.79804895E-07
        1516         946   9.50250580E-07
        1517         946   9.85421821E-07
        1518         947   9.56079020E-07
        1519         947   9.91650040E-07
        1520         948   9.62239255E-07
        1521         948   9.97864163E-07
        1522         949   9.68722361E-07
        1523         950   9.39424183E-07
        1524         950   9.74043814E-07
        1525         951   9.45353236E-07
        1526         951   9.80196205E-07
        1527         952   9.51228287E-07
        1528         952   9.86046189E-07
        1529         953   9.56603458E-07
        1530         953   9.92156060E-07
        1531         954   9.63126467E-07
        1532         954   9.98561859E-07
        1533         955   9.69023517E-07
        1534         956   9.40154735E-07
        1535         956   9.74523687E-07
        1536         957   9.46041439E-07
        1537         957   9.80687332E-07
        1538         958   9.51298148E-07
        1539         958   9.86073815E-07
        1540         959   9.57417114E-07
        1541         959   9.92731088E-07
        1542         960   9.63210709E-07
        1543         960   9.98375413E-07
        1544         961   9.68556265E-07
        1545         962   9.40751818E-07
        1546         962   9.74649424E-07
        1547         963   9.45468628E-07
        1548         963   9.79840934E-07
        1549         964   9.51059235E-07
        1550         964   9.85720931E-07
        1551         965   9.56579356E-07
        1552         965   9.91465754E-07
        1553         966   9.62649551E-07
        1554         966   9.97466032E-07
        1555         967   9.68086511E-07
        1556         968   9.40205666E-07
        1557         968   9.74495606E-07
        1558         969   9.45564580E-07
        1559         969   9.79599236E-07
        1560         970   9.51121365E-07
        1561         970   9.85521638E-07
        1562         971   9.57089242E-07
        1563         971   9.91411298E-07
        1564         972   9.62733225E-07
        1565         972   9.97361553E-07
        1566         973   9.68343443E-07
        1567         974   9.39504616E-07
        1568         974   9.73979922E-07
        1569         975   9.45816566E-07
        1570         975   9.80467462E-07
        1571         976   9.50258652E-07
        1572         976   9.84916255E-07
        1573         977   9.56267627E-07
        1574         977   9.90692115E-07
        1575         978   9.62466743E-07
        1576         978   9.96941708E-07
        1577         979   9.67720439E-07
        1578         980   9.40630400E-07
        1579         980   9.74367481E-07
        1580         981   9.45362501E-07
        1581         981   9.79325364E-07
        1582         982   9.50574190E-07
        1583         982   9.85349061E-07
        1584         983   9.55399400E-07
        1585         983   9.89782393E-07
        1586         984   9.61740625E-07
        1587         984   9.96394760E-07
        1588         985   9.66618018E-07
        1589         986   9.39063000E-07
        1590         986   9.72456178E-07
        1591         987   9.44904684E-07
        1592         987   9.78665412E-07
        1593         988   9.50488641E-07
        1594         988   9.84136022E-07
        1595         989   9.55578230E-07
        1596         989   9.89325144E-07
        1597         990   9.61758928E-07
        1598         990   9.95903747E-07
        1599         991   9.66323569E-07
        1600         992   9.39080053E-07
        1601         992   9.72872726E-07
        1602         993   9.44575561E-07
        1603         993   9.78339358E-07
        1604         994   9.49169362E-07
        1605         994   9.83411724E-07
        1606         995   9.55962037E-07
        1607         995   9.89770683E-07
        1608         996   9.60989041E-07
        1609         996   9.95482537E-07
        1610         997   9.66248649E-07
        1611         998   9.37839729E-07
        1612         998   9.71291342E-07
        1613         999   9.43505597E-07
        1614         999   9.77158038E-07
        1615        1000   9.48759464E-07
        1616        1000   9.82539973E-07
        1617        1001   9.54337793E-07
        1618        1001   9.88426336E-07
        1619        1002   9.59313866E-07
        1620        1002   9.93409117E-07
        1621        1003   9.65546747E-07
        1622        1004   9.36758966E-07
        1623        1004   9.70440738E-07
        1624        1005   9.42092242E-07
        1625        1005   9.75679654E-07
        1626        1006   9.48221270E-07
        1627        1006   9.81749508E-07
        1628        1007   9.53616109E-07
        1629        1007   9.87451926E-07
        1630        1008   9.58504756E-07
        1631        1008   9.92583523E-07
        1632        1009   9.62987656E-07
        1633        1009   9.97090979E-07
        1634        1010   9.69433472E-07
        1635        1011   9.42161137E-07
        1636        1011   9.75270723E-07
        1637        1012   9.47226511E-07
        1638        1012   9.80344339E-07
        1639        1013   9.52023981E-07
        1640        1013   9.85455813E-07
        1641        1014   9.57095381E-07
        1642        1014   9.91100364E-07
        1643        1015   9.63720709E-07
        1644        1015   9.97182269E-07
        1645        1016   9.67602659E-07
        1646        1017   9.40800589E-07
        1647        1017   9.73444230E-07
        1648        1018   9.46467082E-07
        1649        1018   9.79678703E-07
        1650        1019   9.50029460E-07
        1651        1019   9.84062467E-07
        1652        1020   9.55359724E-07
        1653        1020   9.89115392E-07
        1654        1021   9.61227897E-07
        1655        1021   9.94868401E-07
        1656        1022   9.66855509E-07
        1657        1023   9.39626204E-07
        1658        1023   9.72499720E-07
        1659        1024   9.44323688E-07
        1660        1024   9.77535478E-07
        1661        1025   9.49358991E-07
        1662        1025   9.82662186E-07
        1663        1026   9.54404072E-07
        1664        1026   9.87741259E-07
        1665        1027   9.60850230E-07
        1666        1027   9.94235165E-07
        1667        1028   9.65549248E-07
        1668        1028   9.99047870E-07
        1669        1029   9.70893666E-07
        1670        1030   9.42889869E-07
        1671        1030   9.76020601E-07
        1672        1031   9.48725926E-07
        1673        1031   9.81966537E-07
        1674        1032   9.53344056E-07
        1675        1032   9.86890200E-07
        1676        1033   9.59090016E-07
        1677        1033   9.92398327E-07
        1678        1034   9.63887828E-07
        1679        1034   9.97138386E-07
        1680        1035   9.69136750E-07
        1681        1036   9.42004817E-07
        1682        1036   9.74594968E-07
        1683        1037   9.46512273E-07
        1684        1037   9.79457809E-07
        1685        1038   9.51814627E-07
        1686        1038   9.84802455E-07
        1687        1039   9.57249199E-07
        1688        1039   9.90265789E-07
        1689        1040   9.61359092E-07
        1690        1040   9.94899665E-07
        1691        1041   9.67812639E-07
        1692        1042   9.39586357E-07
        1693        1042   9.71989493E-07
        1694        1043   9.45386660E-07
        1695        1043   9.77905529E-07
        1696        1044   9.50342269E-07
        1697        1044   9.82818051E-07
        1698        1045   9.55762175E-07
        1699        1045   9.88170655E-07
        1700        1046   9.60273724E-07
        1701        1046   9.93914227E-07
        1702        1047   9.65730692E-07
        1703        1047   9.98986366E-07
        1704        1048   9.70509177E-07
        1705        1049   9.44206022E-07
        1706        1049   9.76740466E-07
        1707        1050   9.48864056E-07
        1708        1050   9.81787139E-07
        1709        1051   9.53447795E-07
        1710        1051   9.86413966E-07
        1711        1052   9.58602982E-07
        1712        1052   9.91398224E-07
        1713        1053   9.63901584E-07
        1714        1053   9.97142251E-07
        1715        1054   9.68232257E-07
        1716        1055   9.41043652E-07
        1717        1055   9.73592591E-07
        1718        1056   9.47501292E-07
        1719        1056   9.79630386E-07
        1720        1057   9.50952938E-07
        1721        1057   9.83266546E-07
        1722        1058   9.55756718E-07
        1723        1058   9.88729198E-07
        1724        1059   9.61421051E-07
        1725        1059   9.94098627E-07
        1726        1060   9.66633706E-07
        1727        1060   9.99484541E-07
        1728        1061   9.71938675E-07
        1729        1062   9.44779629E-07
        1730        1062   9.77105174E-07
        1731        1063   9.49760363E-07
        1732        1063   9.82058282E-07
        1733        1064   9.54327675E-07
        1734        1064   9.86569034E-07
        1735        1065   9.59530325E-07
        1736        1065   9.92587502E-07
        1737        1066   9.64238666E-07
        1738        1066   9.97414872E-07
        1739        1067   9.69521011E-07
        1740        1068   9.42994347E-07
        1741        1068   9.74429781E-07
        1742        1069   9.47246974E-07
        1743        1069   9.79224069E-07
        1744        1070   9.51553147E-07
        1745        1070   9.84090889E-07
        1746        1071   9.57172688E-07
        1747        1071   9.89636760E-07
        1748        1072   9.61663204E-07
        1749        1072   9.93915478E-07
        1750        1073   9.66584480E-07
        1751        1073   9.99474764E-07
        1752        1074   9.71862960E-07
        1753        1075   9.44715111E-07
        1754        1075   9.76353817E-07
        1755        1076   9.49695334E-07
        1756        1076   9.81486323E-07
        1757        1077   9.54387360E-07
        1758        1077   9.86972623E-07
        1759        1078   9.59593308E-07
        1760        1078   9.91765432E-07
        1761        1079   9.65201593E-07
        1762        1079   9.97375537E-07
        1763        1080   9.69050348E-07
        1764        1081   9.43328416E-07
        1765        1081   9.75379521E-07
        1766        1082   9.47379192E-07
        1767        1082   9.79015113E-07
        1768        1083   9.52397727E-07
        1769        1083   9.84598273E-07
        1770        1084   9.57153702E-07
        1771        1084   9.89551836E-07
        1772        1085   9.61431397E-07
        1773        1085   9.93766776E-07
        1774        1086   9.67047754E-07
        1775        1086   9.99722715E-07
        1776        1087   9.72692192E-07
        1777        1088   9.45127681E-07
        1778        1088   9.76813681E-07
        1779        1089   9.50171170E-07
        1780        1089   9.81977450E-07
        1781        1090   9.53892823E-07
        1782        1090   9.85700240E-07
        1783        1091   9.59460522E-07
        1784        1091   9.91745310E-07
        1785        1092   9.64343712E-07
        1786        1092   9.96554490E-07
        1787        1093   9.68950530E-07
        1788        1094   9.42807446E-07
        1789        1094   9.74198770E-07
        1790        1095   9.46661771E-07
        1791        1095   9.78326966E-07
        1792        1096   9.52016137E-07
        1793        1096   9.83837481E-07
        1794        1097   9.57655402E-07
        1795        1097   9.89577870E-07
        1796        1098   9.62012678E-07
        1797        1098   9.93742105E-07
        1798        1099   9.66217044E-07
        1799        1099   9.98285600E-07
        1800        1100   9.71568852E-07
        1801        1101   9.44051408E-07
        1802        1101   9.75919875E-07
        1803        1102   9.49544017E-07
        1804        1102   9.81111157E-07
        1805        1103   9.54427946E-07
        1806        1103   9.85438874E-07
        1807        1104   9.58812620E-07
        1808        1104   9.90737817E-07
        1809        1105   9.63146590E-07
        1810        1105   9.94743232E-07
        1811        1106   9.68668814E-07
        1812        1107   9.41387896E-07
        1813        1107   9.72921384E-07
        1814        1108   9.46955367E-07
        1815        1108   9.78130061E-07
        1816        1109   9.51415473E-07
        1817        1109   9.83001087E-07
        1818        1110   9.55190785E-07
        1819        1110   9.86960799E-07
        1820        1111   9.60225407E-07
        1821        1111   9.91706543E-07
        1822        1112   9.65830964E-07
        1823        1112   9.97624738E-07
        1824        1113   9.69744519E-07
        1825        1114   9.43507871E-07
        1826        1114   9.74228442E-07
        1827        1115   9.48578133E-07
        1828        1115   9.79702349E-07
        1829        1116   9.52878906E-07
        1830        1116   9.83903533E-07
        1831        1117   9.57882094E-07
        1832        1117   9.89492719E-07
        1833        1118   9.61931391E-07
        1834        1118   9.93388994E-07
        1835        1119   9.67159281E-07
        1836        1119   9.98736709E-07
        1837        1120   9.71698228E-07
        1838        1121   9.45479485E-07
        1839        1121   9.76184879E-07
        1840        1122   9.49948912E-07
        1841        1122   9.81138669E-07
        1842        1123   9.54555503E-07
        1843        1123   9.85733550E-07
        1844        1124   9.58639703E-07
        1845        1124   9.89681894E-07
        1846        1125   9.63201728E-07
        1847        1125   9.95402615E-07
        1848        1126   9.68676773E-07
        1849        1127   9.42330587E-07
        1850        1127   9.72962084E-07
        1851        1128   9.46709520E-07
        1852        1128   9.77962600E-07
        1853        1129   9.50840899E-07
        1854        1129   9.81806011E-07
        1855        1130   9.55614951E-07
        1856        1130   9.86905661E-07
        1857        1131   9.60690045E-07
        1858        1131   9.91942443E-07
        1859        1132   9.65675099E-07
        1860        1132   9.96781409E-07
        1861        1133   9.69938014E-07
        1862        1134   9.43480131E-07
        1863        1134   9.74259706E-07
        1864        1135   9.48291358E-07
        1865        1135   9.79239530E-07
        1866        1136   9.52978382E-07
        1867        1136   9.83447308E-07
        1868        1137   9.57281145E-07
        1869        1137   9.88491706E-07
        1870        1138   9.62020636E-07
        1871        1138   9.93171398E-07
        1872        1139   9.66594371E-07
        1873        1139   9.98029009E-07
        1874        1140   9.71275085E-07
        1875        1141   9.44395424E-07
        1876        1141   9.75036869E-07
        1877        1142   9.49658840E-07
        1878        1142   9.80771802E-07
        1879        1143   9.54187158E-07
        1880        1143   9.85019597E-07
        1881        1144   9.58852524E-07
        1882        1144   9.89584464E-07
        1883        1145   9.62847480E-07
        1884        1145   9.93712547E-07
        1885        1146   9.67874257E-07
        1886        1146   9.98958853E-07
        1887        1147   9.72105227E-07
        1888        1148   9.45905811E-07
        1889        1148   9.76567321E-07
        1890        1149   9.50254844E-07
        1891        1149   9.81393896E-07
        1892        1150   9.55298560E-07
        1893        1150   9.86245595E-07
        1894        1151   9.59101044E-07
        1895        1151   9.89824798E-07
        1896        1152   9.64022092E-07
        1897        1152   9.95036885E-07
        1898        1153   9.68409836E-07
        1899        1153   9.99789336E-07
        1900        1154   9.72876705E-07
        1901        1155   9.47135163E-07
        1902        1155   9.77169066E-07
        1903        1156   9.52276935E-07
        1904        1156   9.82580673E-07
        1905        1157   9.55893597E-07
        1906        1157   9.86511964E-07
        1907        1158   9.59581143E-07
        1908        1158   9.90404828E-07
        1909        1159   9.64895321E-07
        1910        1159   9.95711730E-07
        1911        1160   9.69272264E-07
        1912        1161   9.43534815E-07
        1913        1161   9.73375336E-07
        1914        1162   9.48175682E-07
        1915        1162   9.78252956E-07
        1916        1163   9.52453377E-07
        1917        1163   9.82516667E-07
        1918        1164   9.56546387E-07
        1919        1164   9.87300609E-07
        1920        1165   9.60357170E-07
        1921        1165   9.90969284E-07
        1922        1166   9.65564368E-07
        1923        1166   9.96539256E-07
        1924        1167   9.70069664E-07
        1925        1168   9.44266162E-07
        1926        1168   9.74513796E-07
        1927        1169   9.48776687E-07
        1928        1169   9.78921094E-07
        1929        1170   9.52794778E-07
        1930        1170   9.83260861E-07
        1931        1171   9.56793656E-07
        1932        1171   9.87137810E-07
        1933        1172   9.61455726E-07
        1934        1172   9.91474735E-07
        1935        1173   9.65825620E-07
        1936        1173   9.96405674E-07
        1937        1174   9.70415158E-07
        1938        1175   9.45096019E-07
        1939        1175   9.74951263E-07
        1940        1176   9.48987463E-07
        1941        1176   9.78947583E-07
        1942        1177   9.53926019E-07
        1943        1177   9.84065764E-07
        1944        1178   9.57990778E-07
        1945        1178   9.88077772E-07
        1946        1179   9.61463911E-07
        1947        1179   9.92202445E-07
        1948        1180   9.65989784E-07
        1949        1180   9.96454901E-07
        1950        1181   9.70964038E-07
        1951        1182   9.45271040E-07
        1952        1182   9.75529247E-07
        1953        1183   9.49754906E-07
        1954        1183   9.79776132E-07
        1955        1184   9.54042434E-07
        1956        1184   9.83933887E-07
        1957        1185   9.57512270E-07
        1958        1185   9.87877570E-07
        1959        1186   9.62588160E-07
        1960        1186   9.93152071E-07
        1961        1187   9.67076062E-07
        1962        1187   9.97526740E-07
        1963        1188   9.70727910E-07
        1964        1189   9.45557474E-07
        1965        1189   9.75298349E-07
        1966        1190   9.50157357E-07
        1967        1190   9.79995093E-07
        1968        1191   9.53835070E-07
        1969        1191   9.83657628E-07
        1970        1192   9.57981570E-07
        1971        1192   9.88596184E-07
        1972        1193   9.63020739E-07
        1973        1193   9.93162985E-07
        1974        1194   9.67034794E-07
        1975        1194   9.97167490E-07
        1976        1195   9.70781230E-07
        1977        1196   9.45731358E-07
        1978        1196   9.75241505E-07
        1979        1197   9.50420372E-07
        1980        1197   9.79735546E-07
        1981        1198   9.54059260E-07
        1982        1198   9.84112376E-07
        1983        1199   9.58798864E-07
        1984        1199   9.88397574E-07
        1985        1200   9.62409672E-07
        1986        1200   9.92238824E-07
        1987        1201   9.66878247E-07
        1988        1201   9.96660901E-07
        1989        1202   9.71320787E-07
        1990        1203   9.45602039E-07
        1991        1203   9.75044259E-07
        1992        1204   9.49474384E-07
        1993        1204   9.79338779E-07
        1994        1205   9.53835297E-07
        1995        1205   9.83981522E-07
        1996        1206   9.58521014E-07
        1997        1206   9.88160764E-07
        1998        1207   9.62092713E-07
        1999        1207   9.92028845E-07
        2000        1208   9.66249900E-07
        2001        1208   9.96161702E-07
        2002        1209   9.69755433E-07
        2003        1209   9.99752729E-07
        2004        1210   9.74975819E-07
        2005        1211   9.49677599E-07
        2006        1211   9.79251695E-07
        2007        1212   9.52670916E-07
        2008        1212   9.83001769E-07
        2009        1213   9.58122655E-07
        2010        1213   9.87862222E-07
        2011        1214   9.61468686E-07
        2012        1214   9.91237584E-07
        2013        1215   9.66494895E-07
        2014        1215   9.96358949E-07
        2015        1216   9.70208021E-07
        2016        1217   9.44977387E-07
        2017        1217   9.74790737E-07
        2018        1218   9.49420553E-07
        2019        1218   9.78784556E-07
        2020        1219   9.54030156E-07
        2021        1219   9.83327595E-07
        2022        1220   9.57636416E-07
        2023        1220   9.86963187E-07
        2024        1221   9.61335218E-07
        2025        1221   9.91242473E-07
        2026        1222   9.65888034E-07
        2027        1222   9.95662162E-07
        2028        1223   9.69788857E-07
        2029        1223   9.99649160E-07
        2030        1224   9.74161026E-07
        2031        1225   9.49261789E-07
        2032        1225   9.79048423E-07
        2033        1226   9.52761866E-07
        2034        1226   9.82167876E-07
        2035        1227   9.57155635E-07
        2036        1227   9.86525038E-07
        2037        1228   9.60810553E-07
        2038        1228   9.90593549E-07
        2039        1229   9.65280265E-07
        2040        1229   9.95028358E-07
        2041        1230   9.69898906E-07
        2042        1230   9.99602889E-07
        2043        1231   9.73883289E-07
        2044        1232   9.49143214E-07
        2045        1232   9.78454409E-07
        2046        1233   9.52509311E-07
        2047        1233   9.81891162E-07
        2048        1234   9.56680879E-07
        2049        1234   9.85970132E-07
        2050        1235   9.60384568E-07
        2051        1235   9.89482146E-07
        2052        1236   9.65079835E-07
        2053        1236   9.94865786E-07
        2054        1237   9.68928703E-07
        2055        1237   9.98803785E-07
        2056        1238   9.72742896E-07
        2057        1239   9.48547267E-07
        2058        1239   9.77438958E-07
        2059        1240   9.52238736E-07
        2060        1240   9.81186645E-07
        2061        1241   9.56152462E-07
        2062        1241   9.85042675E-07
        2063        1242   9.60026455E-07
        2064        1242   9.89525461E-07
        2065        1243   9.64533797E-07
        2066        1243   9.93455274E-07
        2067        1244   9.68822178E-07
        2068        1244   9.97679535E-07
        2069        1245   9.72411840E-07
        2070        1246   9.47673584E-07
        2071        1246   9.75964099E-07
        2072        1247   9.50709250E-07
        2073        1247   9.79880838E-07
        2074        1248   9.55676001E-07
        2075        1248   9.84636586E-07
        2076        1249   9.59802264E-07
        2077        1249   9.88887450E-07
        2078        1250   9.63350431E-07
        2079        1250   9.92585569E-07
        2080        1251   9.66763196E-07
        2081        1251   9.96048698E-07
        2082        1252   9.71554073E-07
        2083        1253   9.46077535E-07
        2084        1253   9.74696263E-07
        2085        1254   9.50790309E-07
        2086        1254   9.79729521E-07
        2087        1255   9.54211259E-07
        2088        1255   9.83054633E-07
        2089        1256   9.58614464E-07
        2090        1256   9.87496605E-07
        2091        1257   9.63050752E-07
        2092        1257   9.91924821E-07
        2093        1258   9.66751259E-07
        2094        1258   9.95925348E-07
        2095        1259   9.70701876E-07
        2096        1259   9.99878807E-07
        2097        1260   9.74774935E-07
        2098        1261   9.49656908E-07
        2099        1261   9.78718049E-07
        2100        1262   9.53647771E-07
        2101        1262   9.82565894E-07
        2102        1263   9.57642897E-07
        2103        1263   9.86375198E-07
        2104        1264   9.61445721E-07
        2105        1264   9.90110038E-07
        2106        1265   9.65417598E-07
        2107        1265   9.94684001E-07
        2108        1266   9.69059670E-07
        2109        1266   9.98104042E-07
        2110        1267   9.73326905E-07
        2111        1268   9.48046363E-07
        2112        1268   9.76523665E-07
        2113        1269   9.52832352E-07
        2114        1269   9.81499056E-07
        2115        1270   9.56414169E-07
        2116        1270   9.85156134E-07
        2117        1271   9.60512807E-07
        2118        1271   9.89820933E-07
        2119        1272   9.64112814E-07
        2120        1272   9.93039066E-07
        2121        1273   9.68121753E-07
        2122        1273   9.97256279E-07
        2123        1274   9.71698569E-07
        2124        1275   9.47932847E-07
        2125        1275   9.76235128E-07
        2126        1276   9.51466177E-07
        2127        1276   9.80219397E-07
        2128        1277   9.55409291E-07
        2129        1277   9.84159669E-07
        2130        1278   9.58204964E-07
        2131        1278   9.87171461E-07
        2132        1279   9.63131583E-07
        2133        1279   9.91818183E-07
        2134        1280   9.66792413E-07
        2135        1280   9.96026529E-07
        2136        1281   9.70600354E-07
        2137        1281   9.99461577E-07
        2138        1282   9.74043701E-07
        2139        1283   9.50265473E-07
        2140        1283   9.78692128E-07
        2141        1284   9.53902145E-07
        2142        1284   9.81892299E-07
        2143        1285   9.57749080E-07
        2144        1285   9.86138502E-07
        2145        1286   9.61576120E-07
        2146        1286   9.90133344E-07
        2147        1287   9.65366326E-07
        2148        1287   9.94008815E-07
        2149        1288   9.69298753E-07
        2150        1288   9.98438281E-07
        2151        1289   9.73083047E-07
        2152        1290   9.49034415E-07
        2153        1290   9.76892466E-07
        2154        1291   9.52630046E-07
        2155        1291   9.80946766E-07
        2156        1292   9.56137114E-07
        2157        1292   9.84368626E-07
        2158        1293   9.60357966E-07
        2159        1293   9.88602892E-07
        2160        1294   9.64413175E-07
        2161        1294   9.93018489E-07
        2162        1295   9.67720098E-07
        2163        1295   9.96384074E-07
        2164        1296   9.71243026E-07
        2165        1297   9.47180240E-07
        2166        1297   9.75342687E-07
        2167        1298   9.50935203E-07
        2168        1298   9.78845492E-07
        2169        1299   9.55341761E-07
        2170        1299   9.83490622E-07
        2171        1300   9.57944735E-07
        2172        1300   9.86302666E-07
        2173        1301   9.61957198E-07
        2174        1301   9.90517151E-07
        2175        1302   9.65885079E-07
        2176        1302   9.94549850E-07
        2177        1303   9.70112865E-07
        2178        1303   9.98325504E-07
        2179        1304   9.73809279E-07
        2180        1305   9.49791740E-07
        2181        1305   9.77557875E-07
        2182        1306   9.53252368E-07
        2183        1306   9.81453013E-07
        2184        1307   9.56906206E-07
        2185        1307   9.85012093E-07
        2186        1308   9.60535658E-07
        2187        1308   9.88640522E-07
        2188        1309   9.64472747E-07
        2189        1309   9.93421850E-07
        2190        1310   9.68445988E-07
        2191        1310   9.96955919E-07
        2192        1311   9.71333066E-07
        2193        1311   9.99995905E-07
        2194        1312   9.75192620E-07
        2195        1313   9.51928030E-07
        2196        1313   9.79894480E-07
        2197        1314   9.55056407E-07
        2198        1314   9.82927304E-07
        2199        1315   9.57941211E-07
        2200        1315   9.86034934E-07
        2201        1316   9.62177410E-07
        2202        1316   9.90622652E-07
        2203        1317   9.66549578E-07
        2204        1317   9.95005280E-07
        2205        1318   9.69881285E-07
        2206        1318   9.98103587E-07
        2207        1319   9.73663418E-07
        2208        1320   9.49551520E-07
        2209        1320   9.77421450E-07
        2210        1321   9.53630604E-07
        2211        1321   9.81318749E-07
        2212        1322   9.56466806E-07
        2213        1322   9.84516419E-07
        2214        1323   9.60402758E-07
        2215        1323   9.88615284E-07
        2216        1324   9.64474566E-07
        2217        1324   9.92502464E-07
