           6          22   5.94263156E-07
           7          25   9.34526724E-07
           8          28   9.75515832E-07
           9          31   8.77189336E-07
          10          33   9.73156148E-07
          11          36   6.34736352E-07
          12          37   8.46064665E-07
          13          39   7.66569826E-07
          14          40   8.82548932E-07
          15          42   6.89850992E-07
          16          43   8.12779888E-07
          17          44   8.83078144E-07
          18          45   9.10820006E-07
          19          46   9.41321275E-07
          20          47   9.36364529E-07
          21          48   9.79041261E-07
          22          50   7.22160223E-07
          23          51   7.60754801E-07
          24          52   7.45392867E-07
          25          52   9.54678967E-07
          26          54   7.30460727E-07
          27          54   9.91870593E-07
          28          55   9.30789554E-07
          29          56   9.39835616E-07
          30          57   8.92475384E-07
          31          58   9.27073700E-07
          32          59   8.44578324E-07
          33          60   8.53447375E-07
          34          61   8.14069665E-07
          35          62   8.01725378E-07
          36          63   7.53752033E-07
          37          63   9.80021809E-07
          38          64   9.55733412E-07
          39          65   9.10333540E-07
          40          66   8.62211266E-07
          41          67   8.22401148E-07
          42          68   8.04636954E-07
          43          68   9.90257263E-07
          44          69   9.31913121E-07
          45          70   8.83341727E-07
          46          71   8.30931413E-07
          47          72   8.14525265E-07
          48          72   9.94771881E-07
          49          73   9.49156174E-07
          50          74   8.68307779E-07
          51          75   8.22031552E-07
          52          75   9.93345111E-07
          53          76   9.58649821E-07
          54          77   9.17848070E-07
          55          78   8.44843100E-07
          56          79   7.76714728E-07
          57          79   9.60905254E-07
          58          80   9.00352291E-07
          59          81   8.33260685E-07
          60          81   9.91716206E-07
          61          82   9.49784862E-07
          62          83   8.98179792E-07
          63          84   8.42154122E-07
          64          85   7.99609552E-07
          65          85   9.49571643E-07
          66          86   8.92729929E-07
          67          87   8.51059440E-07
          68          88   8.25649749E-07
          69          88   9.93183448E-07
          70          89   9.44730459E-07
          71          90   9.15161877E-07
          72          91   9.08033769E-07
          73          92   8.71192753E-07
          74          93   8.58923386E-07
          75          94   8.47006334E-07
          76          95   8.43442933E-07
          77          96   8.42347276E-07
          78          97   8.45792897E-07
          79          98   8.52975234E-07
          80          99   8.58061355E-07
          81         100   8.67071321E-07
          82         101   8.75091075E-07
          83         102   8.84458871E-07
          84         103   8.99798181E-07
          85         104   9.10613494E-07
          86         105   9.20197522E-07
          87         106   9.26865255E-07
          88         107   9.44484668E-07
          89         108   9.56726353E-07
          90         109   9.68003633E-07
          91         110   9.74654085E-07
          92         111   9.81883545E-07
          93         112   9.88229317E-07
          94         113   9.91660272E-07
          95         114   9.98628821E-07
          96         116   8.45570298E-07
          97         117   8.63866944E-07
          98         118   8.50622087E-07
          99         119   8.54270979E-07
         100         120   8.70682527E-07
         101         121   8.53651159E-07
         102         122   8.63552089E-07
         103         123   8.72073258E-07
         104         124   8.60073385E-07
         105         125   8.62507136E-07
         106         126   8.46590297E-07
         107         127   8.63721482E-07
         108         128   8.56241343E-07
         109         129   8.41097972E-07
         110         129   9.98633141E-07
         111         131   8.43763303E-07
         112         132   8.45204170E-07
         113         132   9.88923034E-07
         114         133   9.77543323E-07
         115         134   9.72977546E-07
         116         135   9.57780685E-07
         117         136   9.49021739E-07
         118         137   9.32558407E-07
         119         138   9.21647199E-07
         120         139   9.12434814E-07
         121         140   8.96762060E-07
         122         141   8.83190125E-07
         123         142   8.69801852E-07
         124         143   8.50836670E-07
         125         143   9.88768079E-07
         126         144   9.71495069E-07
         127         145   9.44092676E-07
         128         146   9.37038351E-07
         129         147   9.05116565E-07
         130         148   8.83702455E-07
         131         149   8.63360412E-07
         132         149   9.98480004E-07
         133         150   9.62936724E-07
         134         151   9.39371091E-07
         135         152   9.18806109E-07
         136         153   8.85805207E-07
         137         154   8.67004189E-07
         138         154   9.88271722E-07
         139         155   9.52535459E-07
         140         156   9.21260437E-07
         141         157   8.83497023E-07
         142         158   8.51267771E-07
         143         158   9.65276740E-07
         144         159   9.38494338E-07
         145         160   8.89957505E-07
         146         161   8.63965113E-07
         147         161   9.74881232E-07
         148         162   9.32370199E-07
         149         163   8.92306446E-07
         150         164   8.50304787E-07
         151         164   9.59135946E-07
         152         165   9.10371909E-07
         153         166   8.57907025E-07
         154         166   9.62911486E-07
         155         167   9.18176113E-07
         156         168   8.71116015E-07
         157         168   9.77130298E-07
         158         169   9.15981616E-07
         159         170   8.69839880E-07
         160         170   9.63026991E-07
         161         171   9.03665011E-07
         162         172   8.56720249E-07
         163         172   9.48014815E-07
         164         173   8.83976725E-07
         165         173   9.81080575E-07
         166         174   9.16806073E-07
         167         175   8.48558159E-07
         168         175   9.43074156E-07
         169         176   8.73131285E-07
         170         176   9.59078989E-07
         171         177   8.91066691E-07
         172         177   9.83192081E-07
         173         178   9.13709414E-07
         174         178   9.98120413E-07
         175         179   9.20615776E-07
         176         180   8.43713963E-07
         177         180   9.27271174E-07
         178         181   8.51605307E-07
         179         181   9.33987337E-07
         180         182   8.59188901E-07
         181         182   9.34204195E-07
         182         183   8.55007102E-07
         183         183   9.26303358E-07
         184         184   8.47804699E-07
         185         184   9.20263346E-07
         186         184   9.96207859E-07
         187         185   9.02171905E-07
         188         185   9.79067750E-07
         189         186   8.93020399E-07
         190         186   9.63370439E-07
         191         187   8.73808347E-07
         192         187   9.40942982E-07
         193         188   8.53471931E-07
         194         188   9.27967562E-07
         195         188   9.91514753E-07
         196         189   8.91028833E-07
         197         189   9.64304718E-07
         198         190   8.64814069E-07
         199         190   9.27319149E-07
         200         191   8.35324499E-07
         201         191   9.00906571E-07
         202         191   9.61799969E-07
         203         192   8.68090012E-07
         204         192   9.26244581E-07
         205         192   9.97214556E-07
         206         193   8.96424808E-07
         207         193   9.59459157E-07
         208         194   8.54735902E-07
         209         194   9.23359039E-07
         210         194   9.84816097E-07
         211         195   8.84928909E-07
         212         195   9.50717265E-07
         213         196   8.48337720E-07
         214         196   9.17824480E-07
         215         196   9.85828819E-07
         216         197   8.82140000E-07
         217         197   9.52824053E-07
         218         198   8.51938978E-07
         219         198   9.22616891E-07
         220         198   9.97036295E-07
         221         199   8.83204393E-07
         222         199   9.58244982E-07
         223         200   8.67723315E-07
         224         200   9.37249126E-07
         225         201   8.39571328E-07
         226         201   9.16900319E-07
         227         201   9.94683205E-07
         228         202   8.96298445E-07
         229         202   9.72769953E-07
         230         203   8.85128372E-07
         231         203   9.58536134E-07
         232         204   8.73354338E-07
         233         204   9.58408805E-07
         234         205   8.66142443E-07
         235         205   9.48028287E-07
         236         206   8.68156235E-07
         237         206   9.48213199E-07
         238         207   8.62485820E-07
         239         207   9.55413384E-07
         240         208   8.69228245E-07
         241         208   9.57437237E-07
         242         209   8.75093463E-07
         243         209   9.70321821E-07
         244         210   8.87314286E-07
         245         210   9.81933567E-07
         246         211   9.01841588E-07
         247         212   8.41241274E-07
         248         212   9.31035572E-07
         249         213   8.53026677E-07
         250         213   9.39446636E-07
         251         214   8.78815968E-07
         252         214   9.74883960E-07
         253         215   9.12648090E-07
         254         215   9.93340905E-07
         255         216   9.36681602E-07
         256         217   8.72672047E-07
         257         217   9.71199029E-07
         258         218   8.94325922E-07
         259         218   9.93548156E-07
         260         219   9.20118055E-07
         261         220   8.68913446E-07
         262         220   9.60672310E-07
         263         221   9.00062787E-07
         264         221   9.95329174E-07
         265         222   9.41618339E-07
         266         223   8.70329359E-07
         267         223   9.58602072E-07
         268         224   9.04961553E-07
         269         225   8.50865092E-07
         270         225   9.33240926E-07
         271         226   8.91443165E-07
         272         226   9.87933959E-07
         273         227   9.25678137E-07
         274         228   8.63933337E-07
         275         228   9.55982273E-07
         276         229   9.00645205E-07
         277         230   8.46340583E-07
         278         230   9.43768271E-07
         279         231   8.76285128E-07
         280         231   9.75159082E-07
         281         232   9.19599245E-07
         282         233   8.69750124E-07
         283         233   9.62682634E-07
         284         234   9.11983136E-07
         285         235   8.49803200E-07
         286         235   9.48400213E-07
         287         236   8.97765403E-07
         288         236   9.93022468E-07
         289         237   9.31664090E-07
         290         238   8.74062607E-07
         291         238   9.63808134E-07
         292         239   9.26291023E-07
         293         240   8.65877666E-07
         294         240   9.55772293E-07
         295         241   9.05220872E-07
         296         242   8.50709057E-07
         297         242   9.45857721E-07
         298         243   8.93621973E-07
         299         243   9.87856765E-07
         300         244   9.33104218E-07
         301         245   8.87101521E-07
         302         245   9.80361278E-07
         303         246   9.24669393E-07
         304         247   8.65963386E-07
         305         247   9.54836992E-07
         306         248   9.06366893E-07
         307         248   9.94728111E-07
         308         249   9.40855728E-07
         309         250   8.86735847E-07
         310         250   9.85137035E-07
         311         251   9.29103351E-07
         312         252   8.80797700E-07
         313         252   9.69964503E-07
         314         253   9.14208556E-07
         315         254   8.67851668E-07
         316         254   9.58819555E-07
         317         255   9.03401087E-07
         318         255   9.98421456E-07
         319         256   9.40391658E-07
         320         257   8.89495595E-07
         321         257   9.84318831E-07
         322         258   9.27748943E-07
         323         259   8.79402819E-07
         324         259   9.75232069E-07
         325         260   9.07168101E-07
         326         261   8.64500294E-07
         327         261   9.50872106E-07
         328         262   8.96480742E-07
         329         262   9.88012630E-07
         330         263   9.44655085E-07
         331         264   8.80463119E-07
         332         264   9.71626719E-07
         333         265   9.19858621E-07
         334         266   8.80953905E-07
         335         266   9.66683388E-07
         336         267   9.10913798E-07
         337         268   8.58125247E-07
         338         268   9.48535103E-07
         339         269   9.00738996E-07
         340         269   9.89772388E-07
         341         270   9.33751153E-07
         342         271   8.84772533E-07
         343         271   9.75725698E-07
         344         272   9.23623759E-07
         345         273   8.60382329E-07
         346         273   9.50648655E-07
         347         274   9.09663356E-07
         348         274   9.93470735E-07
         349         275   9.34985394E-07
         350         276   8.81421386E-07
         351         276   9.72954240E-07
         352         277   9.27181077E-07
         353         278   8.77081050E-07
         354         278   9.59188128E-07
         355         279   9.06799812E-07
         356         279   9.95798928E-07
         357         280   9.41690246E-07
         358         281   8.95366156E-07
         359         281   9.79414949E-07
         360         282   9.26465304E-07
         361         283   8.71870611E-07
         362         283   9.57868565E-07
         363         284   9.11211714E-07
         364         284   9.91202228E-07
         365         285   9.44058172E-07
         366         286   8.95585003E-07
         367         286   9.81248377E-07
         368         287   9.26871849E-07
         369         288   8.77420291E-07
         370         288   9.57432007E-07
         371         289   9.15212695E-07
         372         289   9.90320586E-07
         373         290   9.39342442E-07
         374         291   8.89639296E-07
         375         291   9.71264740E-07
         376         292   9.24049857E-07
         377         293   8.74254113E-07
         378         293   9.57656312E-07
         379         294   9.09668245E-07
         380         294   9.90130161E-07
         381         295   9.35722937E-07
         382         296   8.90632577E-07
         383         296   9.69997927E-07
         384         297   9.23296341E-07
         385         298   8.77345997E-07
         386         298   9.59912313E-07
         387         299   9.02118586E-07
         388         299   9.82137067E-07
         389         300   9.27531744E-07
         390         301   8.88489922E-07
         391         301   9.70369797E-07
         392         302   9.15728037E-07
         393         302   9.94343281E-07
         394         303   9.50479944E-07
         395         304   8.96356141E-07
         396         304   9.78803428E-07
         397         305   9.31767261E-07
         398         306   8.83666758E-07
         399         306   9.61266323E-07
         400         307   9.09258347E-07
         401         307   9.92308060E-07
         402         308   9.42575468E-07
         403         309   8.89608941E-07
         404         309   9.70913334E-07
         405         310   9.23829418E-07
         406         311   8.69030259E-07
         407         311   9.50621939E-07
         408         312   9.02417071E-07
         409         312   9.84867256E-07
         410         313   9.39390702E-07
         411         314   8.80109269E-07
         412         314   9.60501325E-07
         413         315   9.15122030E-07
         414         315   9.94411835E-07
         415         316   9.42818588E-07
         416         317   8.99965755E-07
         417         317   9.69552275E-07
         418         318   9.19559625E-07
         419         319   8.75811338E-07
         420         319   9.52933192E-07
         421         320   8.95586709E-07
         422         320   9.72465728E-07
         423         321   9.30534952E-07
         424         322   8.77547905E-07
         425         322   9.55146447E-07
         426         323   9.12194764E-07
         427         323   9.89325940E-07
         428         324   9.40232439E-07
         429         325   8.89822331E-07
         430         325   9.63641014E-07
         431         326   9.20001185E-07
         432         327   8.76951731E-07
         433         327   9.51088168E-07
         434         328   8.98256644E-07
         435         328   9.76465117E-07
         436         329   9.22959941E-07
         437         330   8.76875106E-07
         438         330   9.45864144E-07
         439         331   9.03665978E-07
         440         331   9.77213062E-07
         441         332   9.28796339E-07
         442         333   8.77611910E-07
         443         333   9.50820436E-07
         444         334   9.06359048E-07
         445         334   9.82307029E-07
         446         335   9.40674738E-07
         447         336   8.93772835E-07
         448         336   9.70481551E-07
         449         337   9.18429691E-07
         450         337   9.93757681E-07
         451         338   9.43525720E-07
         452         339   8.93168192E-07
         453         339   9.68909148E-07
         454         340   9.21254468E-07
         455         340   9.98273663E-07
         456         341   9.47442459E-07
         457         342   9.03945249E-07
         458         342   9.75705802E-07
         459         343   9.21780043E-07
         460         344   8.78082062E-07
         461         344   9.54060056E-07
         462         345   9.04847752E-07
         463         345   9.77457148E-07
         464         346   9.30446333E-07
         465         347   8.81530525E-07
         466         347   9.49315904E-07
         467         348   9.07584592E-07
         468         348   9.79901642E-07
         469         349   9.27247243E-07
         470         350   8.85281850E-07
         471         350   9.55914743E-07
         472         351   9.08309801E-07
         473         351   9.83279847E-07
         474         352   9.34815262E-07
         475         353   8.89442276E-07
         476         353   9.57757834E-07
         477         354   9.16118267E-07
         478         354   9.88936677E-07
         479         355   9.35984133E-07
         480         356   8.94151299E-07
         481         356   9.64022888E-07
         482         357   9.15773967E-07
         483         357   9.92002356E-07
         484         358   9.37770096E-07
         485         359   8.94802270E-07
         486         359   9.62658419E-07
         487         360   9.20944046E-07
         488         360   9.89081514E-07
         489         361   9.42620602E-07
         490         362   9.02330612E-07
         491         362   9.71672989E-07
         492         363   9.19480328E-07
         493         363   9.98270139E-07
         494         364   9.43363204E-07
         495         365   9.00370139E-07
         496         365   9.75054036E-07
