#      TEMPO                            SUSCETÍVEIS                      INFECTADOS                          REMOVIDOS                         EXPOSTOS                      INF. TOTAL                 POP. TOTAL (FI)               POP. TOTAL (SOMA)                     CASOS NOVOS
        0.00                               557210.0                           236.0                            12013.0                            274.0                         12249.0                     569733.0000                        569733.0                            51.6
        1.00                               557193.9                           260.2                            12040.4                            238.5                         12300.6                     569733.0000                        569733.1                            45.2
        2.00                               557176.4                           275.8                            12070.0                            210.8                         12345.8                     569733.0000                        569733.1                            40.2
        3.00                               557158.1                           285.0                            12101.0                            188.9                         12386.0                     569733.0000                        569732.9                            36.2
        4.00                               557139.3                           289.3                            12132.8                            171.5                         12422.2                     569733.0000                        569732.9                            33.0
        5.00                               557120.4                           290.2                            12165.0                            157.4                         12455.2                     569733.0000                        569732.9                            30.4
        6.00                               557101.4                           288.5                            12197.1                            145.9                         12485.6                     569733.0000                        569732.9                            28.3
        7.00                               557082.7                           285.0                            12228.9                            136.4                         12513.9                     569733.0000                        569733.1                            26.5
        8.00                               557064.2                           280.2                            12260.3                            128.4                         12540.4                     569733.0000                        569733.0                            25.0
        9.00                               557045.9                           274.4                            12291.1                            121.5                         12565.5                     569733.0000                        569732.9                            23.7
       10.00                               557028.1                           268.0                            12321.2                            115.5                         12589.2                     569733.0000                        569732.8                            22.6
       11.00                               557010.8                           261.2                            12350.6                            110.3                         12611.8                     569733.0000                        569732.9                            21.6
       12.00                               556993.9                           254.2                            12379.2                            105.5                         12633.4                     569733.0000                        569732.9                            20.7
       13.00                               556977.5                           247.0                            12407.1                            101.3                         12654.1                     569733.0000                        569732.8                            19.9
       14.00                               556961.6                           239.8                            12434.1                             97.3                         12674.0                     569733.0000                        569732.9                            19.1
       15.00                               556946.1                           232.7                            12460.4                             93.7                         12693.1                     569733.0000                        569732.8                            18.4
       16.00                               556931.1                           225.6                            12485.8                             90.3                         12711.5                     569733.0000                        569732.8                            17.7
       17.00                               556916.5                           218.7                            12510.5                             87.1                         12729.2                     569733.0000                        569732.9                            17.1
       18.00                               556902.4                           211.9                            12534.5                             84.1                         12746.4                     569733.0000                        569732.8                            16.5
       19.00                               556888.7                           205.3                            12557.6                             81.2                         12762.9                     569733.0000                        569732.8                            16.0
       20.00                               556875.4                           198.8                            12580.1                             78.5                         12778.9                     569733.0000                        569732.6                            15.4
       21.00                               556862.6                           192.5                            12601.8                             75.8                         12794.3                     569733.0000                        569732.8                            14.9
       22.00                               556850.1                           186.3                            12622.9                             73.3                         12809.2                     569733.0000                        569732.7                            14.4
       23.00                               556838.1                           180.4                            12643.3                             70.9                         12823.6                     569733.0000                        569732.6                            14.0
       24.00                               556826.4                           174.6                            12663.0                             68.6                         12837.6                     569733.0000                        569732.6                            13.5
       25.00                               556815.2                           169.0                            12682.1                             66.3                         12851.1                     569733.0000                        569732.6                            13.1
       26.00                               556804.2                           163.6                            12700.6                             64.2                         12864.2                     569733.0000                        569732.6                            12.6
       27.00                               556793.6                           158.3                            12718.5                             62.1                         12876.8                     569733.0000                        569732.4                            12.2
       28.00                               556783.4                           153.2                            12735.8                             60.1                         12889.0                     569733.0000                        569732.5                            11.8
       29.00                               556773.5                           148.3                            12752.5                             58.1                         12900.8                     569733.0000                        569732.4                            11.4
       30.00                               556763.9                           143.5                            12768.7                             56.2                         12912.3                     569733.0000                        569732.4                            11.1
       31.00                               556754.6                           138.9                            12784.4                             54.4                         12923.3                     569733.0000                        569732.4                            10.7
       32.00                               556745.7                           134.4                            12799.6                             52.7                         12934.0                     569733.0000                        569732.4                            10.4
       33.00                               556737.0                           130.1                            12814.3                             51.0                         12944.4                     569733.0000                        569732.3                            10.0
       34.00                               556728.6                           125.9                            12828.6                             49.3                         12954.4                     569733.0000                        569732.4                             9.7
       35.00                               556720.5                           121.8                            12842.3                             47.7                         12964.1                     569733.0000                        569732.3                             9.4
       36.00                               556712.6                           117.9                            12855.6                             46.2                         12973.5                     569733.0000                        569732.3                             9.1
       37.00                               556705.0                           114.1                            12868.5                             44.7                         12982.6                     569733.0000                        569732.4                             8.8
       38.00                               556697.6                           110.4                            12881.0                             43.2                         12991.4                     569733.0000                        569732.3                             8.5
       39.00                               556690.5                           106.9                            12893.1                             41.8                         12999.9                     569733.0000                        569732.2                             8.2
       40.00                               556683.6                           103.4                            12904.8                             40.5                         13008.2                     569733.0000                        569732.3                             8.0
       41.00                               556677.0                           100.1                            12916.1                             39.2                         13016.1                     569733.0000                        569732.3                             7.7
       42.00                               556670.6                            96.8                            12927.0                             37.9                         13023.8                     569733.0000                        569732.3                             7.5
       43.00                               556664.3                            93.7                            12937.6                             36.7                         13031.3                     569733.0000                        569732.3                             7.2
       44.00                               556658.3                            90.7                            12947.9                             35.5                         13038.5                     569733.0000                        569732.4                             7.0
       45.00                               556652.6                            87.8                            12957.8                             34.4                         13045.5                     569733.0000                        569732.4                             6.8
       46.00                               556646.9                            84.9                            12967.4                             33.3                         13052.3                     569733.0000                        569732.5                             6.5
       47.00                               556641.5                            82.2                            12976.7                             32.2                         13058.8                     569733.0000                        569732.5                             6.3
       48.00                               556636.2                            79.5                            12985.6                             31.1                         13065.2                     569733.0000                        569732.5                             6.1
       49.00                               556631.0                            77.0                            12994.3                             30.1                         13071.3                     569733.0000                        569732.4                             5.9
       50.00                               556626.1                            74.5                            13002.8                             29.2                         13077.2                     569733.0000                        569732.5                             5.7
       51.00                               556621.2                            72.1                            13010.9                             28.2                         13083.0                     569733.0000                        569732.4                             5.6
       52.00                               556616.6                            69.7                            13018.8                             27.3                         13088.5                     569733.0000                        569732.4                             5.4
       53.00                               556612.1                            67.5                            13026.4                             26.4                         13093.9                     569733.0000                        569732.4                             5.2
       54.00                               556607.8                            65.3                            13033.8                             25.6                         13099.1                     569733.0000                        569732.4                             5.0
       55.00                               556603.6                            63.2                            13040.9                             24.7                         13104.1                     569733.0000                        569732.4                             4.9
       56.00                               556599.5                            61.2                            13047.8                             23.9                         13109.0                     569733.0000                        569732.4                             4.7
       57.00                               556595.6                            59.2                            13054.5                             23.2                         13113.7                     569733.0000                        569732.4                             4.6
       58.00                               556591.8                            57.3                            13061.0                             22.4                         13118.3                     569733.0000                        569732.5                             4.4
       59.00                               556588.1                            55.4                            13067.3                             21.7                         13122.7                     569733.0000                        569732.4                             4.3
       60.00                               556584.5                            53.6                            13073.3                             21.0                         13126.9                     569733.0000                        569732.4                             4.1
       61.00                               556581.1                            51.9                            13079.2                             20.3                         13131.1                     569733.0000                        569732.5                             4.0
       62.00                               556577.8                            50.2                            13084.9                             19.7                         13135.1                     569733.0000                        569732.6                             3.9
       63.00                               556574.5                            48.6                            13090.4                             19.0                         13139.0                     569733.0000                        569732.6                             3.7
       64.00                               556571.4                            47.0                            13095.7                             18.4                         13142.7                     569733.0000                        569732.6                             3.6
       65.00                               556568.3                            45.5                            13100.8                             17.8                         13146.3                     569733.0000                        569732.4                             3.5
       66.00                               556565.4                            44.1                            13105.8                             17.2                         13149.8                     569733.0000                        569732.5                             3.4
       67.00                               556562.6                            42.6                            13110.6                             16.7                         13153.2                     569733.0000                        569732.5                             3.3
       68.00                               556559.9                            41.3                            13115.3                             16.2                         13156.5                     569733.0000                        569732.5                             3.2
       69.00                               556557.2                            39.9                            13119.8                             15.6                         13159.7                     569733.0000                        569732.6                             3.1
       70.00                               556554.6                            38.6                            13124.1                             15.1                         13162.8                     569733.0000                        569732.4                             3.0
       71.00                               556552.1                            37.4                            13128.4                             14.6                         13165.7                     569733.0000                        569732.5                             2.9
       72.00                               556549.7                            36.2                            13132.5                             14.2                         13168.6                     569733.0000                        569732.5                             2.8
       73.00                               556547.3                            35.0                            13136.4                             13.7                         13171.4                     569733.0000                        569732.4                             2.7
       74.00                               556545.1                            33.9                            13140.2                             13.3                         13174.1                     569733.0000                        569732.5                             2.6
       75.00                               556542.9                            32.8                            13144.0                             12.8                         13176.7                     569733.0000                        569732.4                             2.5
       76.00                               556540.8                            31.7                            13147.5                             12.4                         13179.2                     569733.0000                        569732.5                             2.4
       77.00                               556538.7                            30.7                            13151.0                             12.0                         13181.7                     569733.0000                        569732.4                             2.4
       78.00                               556536.6                            29.7                            13154.4                             11.6                         13184.1                     569733.0000                        569732.3                             2.3
       79.00                               556534.6                            28.8                            13157.6                             11.3                         13186.3                     569733.0000                        569732.2                             2.2
       80.00                               556532.8                            27.8                            13160.8                             10.9                         13188.6                     569733.0000                        569732.2                             2.1
       81.00                               556530.9                            26.9                            13163.8                             10.5                         13190.7                     569733.0000                        569732.2                             2.1
       82.00                               556529.1                            26.1                            13166.7                             10.2                         13192.8                     569733.0000                        569732.1                             2.0
       83.00                               556527.4                            25.2                            13169.6                              9.9                         13194.8                     569733.0000                        569732.0                             1.9
       84.00                               556525.8                            24.4                            13172.3                              9.6                         13196.7                     569733.0000                        569732.1                             1.9
       85.00                               556524.2                            23.6                            13175.0                              9.2                         13198.6                     569733.0000                        569732.1                             1.8
       86.00                               556522.6                            22.8                            13177.6                              8.9                         13200.4                     569733.0000                        569732.1                             1.8
       87.00                               556521.1                            22.1                            13180.1                              8.7                         13202.2                     569733.0000                        569732.0                             1.7
       88.00                               556519.6                            21.4                            13182.5                              8.4                         13203.9                     569733.0000                        569731.9                             1.6
       89.00                               556518.2                            20.7                            13184.9                              8.1                         13205.5                     569733.0000                        569731.9                             1.6
       90.00                               556516.9                            20.0                            13187.1                              7.8                         13207.1                     569733.0000                        569732.0                             1.5
       91.00                               556515.6                            19.4                            13189.3                              7.6                         13208.7                     569733.0000                        569731.9                             1.5
       92.00                               556514.4                            18.8                            13191.4                              7.3                         13210.2                     569733.0000                        569731.9                             1.4
       93.00                               556513.1                            18.2                            13193.5                              7.1                         13211.6                     569733.0000                        569731.9                             1.4
       94.00                               556511.9                            17.6                            13195.5                              6.9                         13213.0                     569733.0000                        569731.8                             1.4
       95.00                               556510.8                            17.0                            13197.4                              6.7                         13214.4                     569733.0000                        569731.8                             1.3
       96.00                               556509.6                            16.5                            13199.2                              6.4                         13215.7                     569733.0000                        569731.8                             1.3
       97.00                               556508.6                            15.9                            13201.0                              6.2                         13216.9                     569733.0000                        569731.8                             1.2
       98.00                               556507.6                            15.4                            13202.8                              6.0                         13218.2                     569733.0000                        569731.9                             1.2
       99.00                               556506.6                            14.9                            13204.5                              5.8                         13219.3                     569733.0000                        569731.8                             1.1
      100.00                               556505.6                            14.4                            13206.1                              5.6                         13220.5                     569733.0000                        569731.8                             1.1
      101.00                               556504.6                            14.0                            13207.7                              5.5                         13221.6                     569733.0000                        569731.7                             1.1
      102.00                               556503.8                            13.5                            13209.2                              5.3                         13222.7                     569733.0000                        569731.8                             1.0
      103.00                               556502.9                            13.1                            13210.7                              5.1                         13223.7                     569733.0000                        569731.8                             1.0
      104.00                               556502.0                            12.7                            13212.1                              5.0                         13224.7                     569733.0000                        569731.7                             1.0
      105.00                               556501.2                            12.2                            13213.5                              4.8                         13225.7                     569733.0000                        569731.8                             0.9
      106.00                               556500.4                            11.8                            13214.8                              4.6                         13226.6                     569733.0000                        569731.7                             0.9
      107.00                               556499.6                            11.5                            13216.1                              4.5                         13227.6                     569733.0000                        569731.7                             0.9
      108.00                               556498.9                            11.1                            13217.4                              4.3                         13228.4                     569733.0000                        569731.8                             0.9
      109.00                               556498.1                            10.7                            13218.6                              4.2                         13229.3                     569733.0000                        569731.7                             0.8
      110.00                               556497.4                            10.4                            13219.8                              4.1                         13230.1                     569733.0000                        569731.6                             0.8
      111.00                               556496.8                            10.1                            13220.9                              3.9                         13230.9                     569733.0000                        569731.7                             0.8
      112.00                               556496.1                             9.7                            13222.0                              3.8                         13231.7                     569733.0000                        569731.7                             0.7
      113.00                               556495.5                             9.4                            13223.1                              3.7                         13232.5                     569733.0000                        569731.7                             0.7
      114.00                               556494.9                             9.1                            13224.1                              3.6                         13233.2                     569733.0000                        569731.7                             0.7
      115.00                               556494.2                             8.8                            13225.1                              3.5                         13233.9                     569733.0000                        569731.6                             0.7
      116.00                               556493.7                             8.5                            13226.1                              3.3                         13234.6                     569733.0000                        569731.6                             0.7
      117.00                               556493.1                             8.3                            13227.0                              3.2                         13235.2                     569733.0000                        569731.6                             0.6
      118.00                               556492.6                             8.0                            13227.9                              3.1                         13235.8                     569733.0000                        569731.6                             0.6
      119.00                               556492.1                             7.7                            13228.8                              3.0                         13236.5                     569733.0000                        569731.6                             0.6
      120.00                               556491.6                             7.5                            13229.6                              2.9                         13237.1                     569733.0000                        569731.7                             0.6
      121.00                               556491.1                             7.2                            13230.4                              2.8                         13237.6                     569733.0000                        569731.6                             0.6
      122.00                               556490.6                             7.0                            13231.2                              2.7                         13238.2                     569733.0000                        569731.6                             0.5
      123.00                               556490.1                             6.8                            13232.0                              2.7                         13238.7                     569733.0000                        569731.5                             0.5
      124.00                               556489.6                             6.6                            13232.7                              2.6                         13239.3                     569733.0000                        569731.5                             0.5
      125.00                               556489.2                             6.4                            13233.4                              2.5                         13239.8                     569733.0000                        569731.6                             0.5
      126.00                               556488.9                             6.1                            13234.1                              2.4                         13240.2                     569733.0000                        569731.5                             0.5
      127.00                               556488.5                             5.9                            13234.8                              2.3                         13240.7                     569733.0000                        569731.6                             0.5
      128.00                               556488.1                             5.8                            13235.5                              2.3                         13241.2                     569733.0000                        569731.6                             0.4
      129.00                               556487.8                             5.6                            13236.1                              2.2                         13241.6                     569733.0000                        569731.6                             0.4
      130.00                               556487.4                             5.4                            13236.7                              2.1                         13242.1                     569733.0000                        569731.6                             0.4
      131.00                               556487.0                             5.2                            13237.3                              2.0                         13242.5                     569733.0000                        569731.6                             0.4
      132.00                               556486.6                             5.0                            13237.9                              2.0                         13242.9                     569733.0000                        569731.6                             0.4
      133.00                               556486.2                             4.9                            13238.4                              1.9                         13243.3                     569733.0000                        569731.5                             0.4
      134.00                               556485.9                             4.7                            13238.9                              1.8                         13243.6                     569733.0000                        569731.5                             0.4
      135.00                               556485.6                             4.6                            13239.5                              1.8                         13244.0                     569733.0000                        569731.4                             0.4
      136.00                               556485.4                             4.4                            13240.0                              1.7                         13244.3                     569733.0000                        569731.5                             0.3
      137.00                               556485.1                             4.3                            13240.4                              1.7                         13244.7                     569733.0000                        569731.6                             0.3
      138.00                               556484.9                             4.1                            13240.9                              1.6                         13245.0                     569733.0000                        569731.6                             0.3
      139.00                               556484.6                             4.0                            13241.4                              1.6                         13245.3                     569733.0000                        569731.6                             0.3
      140.00                               556484.4                             3.9                            13241.8                              1.5                         13245.6                     569733.0000                        569731.6                             0.3
      141.00                               556484.1                             3.8                            13242.2                              1.5                         13245.9                     569733.0000                        569731.6                             0.3
      142.00                               556483.9                             3.6                            13242.6                              1.4                         13246.2                     569733.0000                        569731.6                             0.3
      143.00                               556483.6                             3.5                            13243.0                              1.4                         13246.5                     569733.0000                        569731.6                             0.3
      144.00                               556483.4                             3.4                            13243.4                              1.3                         13246.8                     569733.0000                        569731.5                             0.3
      145.00                               556483.1                             3.3                            13243.8                              1.3                         13247.0                     569733.0000                        569731.5                             0.3
      146.00                               556482.8                             3.2                            13244.2                              1.2                         13247.3                     569733.0000                        569731.4                             0.2
      147.00                               556482.5                             3.1                            13244.5                              1.2                         13247.5                     569733.0000                        569731.2                             0.2
      148.00                               556482.2                             3.0                            13244.8                              1.2                         13247.8                     569733.0000                        569731.2                             0.2
      149.00                               556482.0                             2.9                            13245.2                              1.1                         13248.0                     569733.0000                        569731.2                             0.2
      150.00                               556481.8                             2.8                            13245.5                              1.1                         13248.2                     569733.0000                        569731.2                             0.2
      151.00                               556481.6                             2.7                            13245.8                              1.1                         13248.5                     569733.0000                        569731.1                             0.2
      152.00                               556481.4                             2.6                            13246.1                              1.0                         13248.7                     569733.0000                        569731.1                             0.2
      153.00                               556481.1                             2.5                            13246.4                              1.0                         13248.9                     569733.0000                        569731.1                             0.2
      154.00                               556480.9                             2.5                            13246.6                              1.0                         13249.1                     569733.0000                        569730.9                             0.2
      155.00                               556480.6                             2.4                            13246.9                              0.9                         13249.2                     569733.0000                        569730.9                             0.2
      156.00                               556480.4                             2.3                            13247.2                              0.9                         13249.4                     569733.0000                        569730.8                             0.2
      157.00                               556480.1                             2.2                            13247.4                              0.9                         13249.6                     569733.0000                        569730.7                             0.2
      158.00                               556479.9                             2.1                            13247.7                              0.8                         13249.8                     569733.0000                        569730.4                             0.2
      159.00                               556479.6                             2.1                            13247.9                              0.8                         13249.9                     569733.0000                        569730.4                             0.2
      160.00                               556479.4                             2.0                            13248.1                              0.8                         13250.1                     569733.0000                        569730.3                             0.2
      161.00                               556479.1                             1.9                            13248.3                              0.8                         13250.2                     569733.0000                        569730.1                             0.1
      162.00                               556478.8                             1.9                            13248.5                              0.7                         13250.4                     569733.0000                        569730.0                             0.1
      163.00                               556478.6                             1.8                            13248.7                              0.7                         13250.5                     569733.0000                        569729.8                             0.1
      164.00                               556478.2                             1.8                            13248.9                              0.7                         13250.7                     569733.0000                        569729.6                             0.1
      165.00                               556477.9                             1.7                            13249.1                              0.7                         13250.8                     569733.0000                        569729.4                             0.1
      166.00                               556477.4                             1.7                            13249.3                              0.6                         13250.9                     569733.0000                        569729.0                             0.1
      167.00                               556476.9                             1.6                            13249.5                              0.6                         13251.0                     569733.0000                        569728.6                             0.1
      168.00                               556476.4                             1.5                            13249.6                              0.6                         13251.1                     569733.0000                        569728.2                             0.1
      169.00                               556475.9                             1.5                            13249.8                              0.6                         13251.2                     569733.0000                        569727.8                             0.1
      170.00                               556475.4                             1.4                            13249.9                              0.6                         13251.4                     569733.0000                        569727.3                             0.1
      171.00                               556474.8                             1.4                            13250.1                              0.5                         13251.4                     569733.0000                        569726.8                             0.1
      172.00                               556474.1                             1.4                            13250.2                              0.5                         13251.5                     569733.0000                        569726.1                             0.1
      173.00                               556473.2                             1.3                            13250.3                              0.5                         13251.6                     569733.0000                        569725.4                             0.1
      174.00                               556472.4                             1.3                            13250.5                              0.5                         13251.7                     569733.0000                        569724.6                             0.1
      175.00                               556471.4                             1.2                            13250.6                              0.5                         13251.8                     569733.0000                        569723.7                             0.1
      176.00                               556470.2                             1.2                            13250.7                              0.5                         13251.8                     569733.0000                        569722.6                             0.1
      177.00                               556469.0                             1.2                            13250.8                              0.5                         13251.9                     569733.0000                        569721.4                             0.1
      178.00                               556467.6                             1.1                            13250.9                              0.4                         13252.0                     569733.0000                        569720.1                             0.0
      179.00                               556466.1                             1.1                            13251.0                              0.4                         13252.0                     569733.0000                        569718.6                             0.0
      180.00                               556464.5                             1.0                            13251.0                              0.4                         13252.1                     569733.0000                        569717.1                             0.0
      181.00                               556462.8                             1.0                            13251.1                              0.4                         13252.1                     569733.0000                        569715.2                             0.0
      182.00                               556460.9                             1.0                            13251.2                              0.4                         13252.1                     569733.0000                        569713.5                             0.0
      183.00                               556459.2                             0.9                            13251.2                              0.4                         13252.2                     569733.0000                        569711.8                             0.0
      184.00                               556457.9                             0.9                            13251.3                              0.4                         13252.2                     569733.0000                        569710.5                             0.1
      185.00                               556457.8                             0.9                            13251.4                              0.4                         13252.2                     569733.0000                        569710.4                        -13252.2
