#	data		pplç	cnfr	Novos	óbitos	Remov	Recup
0	04/27/20	569733	99	2	13	81	68
1	04/28/20	569733	100	1	13	82	69
2	04/29/20	569733	102	2	13	83	70
3	04/30/20	569733	102	0	13	83	70
4	05/01/20	569733	104	2	13	84	71
5	05/02/20	569733	106	2	13	85	72
6	05/03/20	569733	108	2	13	85	72
7	05/04/20	569733	108	0	13	85	72
8	05/05/20	569733	110	2	13	89	76
9	05/06/20	569733	110	0	14	90	76
10	05/07/20	569733	110	0	14	91	77
11	05/08/20	569733	112	2	14	92	78
12	05/09/20	569733	112	0	14	102	88
13	05/10/20	569733	112	0	14	102	88
14	05/11/20	569733	117	5	15	107	92
15	05/12/20	569733	120	3	15	107	92
16	05/13/20	569733	122	2	15	110	95
17	05/14/20	569733	122	0	15	110	95
18	05/15/20	569733	125	3	15	113	98
19	05/16/20	569733	126	1	15	113	98
20	05/17/20	569733	134	8	16	114	98
21	05/18/20	569733	143	9	16	114	98
22	05/19/20	569733	162	19	18	119	101
23	05/20/20	569733	175	13	18	123	105
24	05/21/20	569733	197	22	19	131	112
25	05/22/20	569733	226	29	20	140	120
26	05/23/20	569733	255	29	20	142	122
27	05/24/20	569733	272	17	20	142	122
28	05/25/20	569733	297	25	20	152	132
29	05/26/20	569733	312	15	20	181	161
30	05/27/20	569733	321	9	21	197	176
31	05/28/20	569733	340	19	21	204	183
32	05/29/20	569733	366	26	22	219	197
33	05/30/20	569733	403	37	24	221	197
34	05/31/20	569733	413	10	24	221	197
35	06/01/20	569733	435	22	25	265	240
36	06/02/20	569733	452	17	28	298	270
37	06/03/20	569733	492	40	30	325	295
38	06/04/20	569733	511	19	31	357	326
39	06/05/20	569733	540	29	31	373	342
40	06/06/20	569733	571	31	31	376	345
41	06/07/20	569733	587	16	31	376	345
42	06/08/20	569733	597	10	34	431	397
43	06/09/20	569733	641	44	34	473	439
44	06/10/20	569733	676	35	34	496	462
45	06/11/20	569733	723	47	35	497	462
46	06/12/20	569733	735	12	37	500	463
47	06/13/20	569733	790	55	40	553	513
48	06/14/20	569733	795	5	45	557	512
49	06/15/20	569733	855	55	50	600	550
50	06/16/20	569733	893	38	51	628	577
51	06/17/20	569733	915	22	53	665	612
52	06/18/20	569733	929	14	56	700	644
53	06/19/20	569733	997	68	59	703	644
54	06/20/20	569733	1042	45	60	705	645
55	06/21/20	569733	1070	32	40	685	645
56	06/22/20	569733	1080	10	62	785	723
57	06/23/20	569733	1096	16	64	842	778
58	06/24/20	569733	1130	34	66	921	855
59	06/25/20	569733	1176	46	68	947	879
60	06/26/20	569733	1194	18	72	1002	930
61	06/27/20	569733	1257	63	75	1008	933
62	06/28/20	569733	1294	37	76	1009	933
63	06/29/20	569733	1305	11	78	1056	978
64	06/30/20	569733	1336	29	81	1092	1011
65	07/01/20	569733	1346	10	82	1133	1051
66	07/02/20	569733	1370	24	83	1174	1091
67	07/03/20	569733	1394	24	85	1230	1145
68	07/04/20	569733	1455	61	86	1247	1161
69	07/05/20	569733	1559	104	85	1246	1161
70	07/06/20	569733	1592	33	88	1233	1145
71	07/07/20	569733	1694	102	90	1400	1310
72	07/08/20	569733	1761	67	91	1457	1366
73	07/09/20	569733	1800	39	93	1521	1428
74	07/10/20	569733	1825	25	93	1579	1486
75	07/11/20	569733	1890	65	93	1619	1526
76	07/12/20	569733	1897	7	93	1619	1526
77	07/13/20	569733	1926	29	95	1706	1611
78	07/14/20	569733	2057	131	97	1755	1658
79	07/15/20	569733	2136	79	97	1797	1700
80	07/16/20	569733	2244	108	98	1846	1748
81	07/17/20	569733	2285	41	99	1936	1837
82	07/18/20	569733	2370	85	100	1939	1839
83	07/19/20	569733	2403	33	101	2022	1921
84	07/20/20	569733	2441	38	104	2153	2049
85	07/21/20	569733	2457	16	105	2217	2112
86	07/22/20	569733	2583	126	107	2326	2219
87	07/23/20	569733	2673	90	107	2433	2326
88	07/24/20	569733	2720	47	109	2520	2411
89	07/25/20	569733	2819	99	111	2522	2411
90	07/26/20	569733	2862	43	111	2613	2502
91	07/27/20	569733	2913	51	111	2629	2518
92	07/28/20	569733	2946	33	112	2698	2586
93	07/29/20	569733	3037	40	112	2738	2626
94	07/30/20	569733	3136	99	115	2909	2794
95	07/31/20	569733	3199	63	118	2997	2879
96	08/01/20	569733	3304	105	120	3020	2900
97	08/02/20	569733	3341	37	121	3116	2995
98	08/03/20	569733	3402	61	122	3146	3024
99	08/04/20	569733	3480	78	124	3202	3078
100	08/05/20	569733	3535	55	126	3276	3150
101	08/06/20	569733	3566	31	128	3287	3159
102	08/07/20	569733	3661	95	129	3465	3336
103	08/08/20	569733	3709	48	131	3474	3343
104	08/09/20	569733	3750	41	131	3474	3343
105	08/10/20	569733	3799	49	134	3546	3412
106	08/11/20	569733	3860	61	137	3649	3512
107	08/12/20	569733	3951	91	138	3721	3583
108	08/13/20	569733	4034	83	141	3781	3640
109	08/14/20	569733	4110	76	142	3890	3748
110	08/15/20	569733	4208	98	145	3896	3751
111	08/16/20	569733	4245	37	147	3898	3751
112	08/17/20	569733	4293	48	151	4013	3862
113	08/18/20	569733	4401	108	152	4047	3895
114	08/19/20	569733	4423	22	152	4120	3968
115	08/20/20	569733	4503	80	155	4164	4009
116	08/21/20	569733	4540	37	156	4166	4010
117	08/22/20	569733	4670	130	156	4192	4036
118	08/23/20	569733	4821	151	156	4192	4036
119	08/24/20	569733	4963	142	156	4304	4148
120	08/25/20	569733	5068	105	158	4646	4488
121	08/26/20	569733	5228	160	158	4758	4600
122	08/27/20	569733	5371	143	161	4824	4663
123	08/28/20	569733	5536	165	162	5043	4881
124	08/29/20	569733	5680	144	163	5044	4881
125	08/30/20	569733	5829	149	165	5251	5086
126	08/31/20	569733	5896	67	168	5352	5184
127	09/01/20	569733	6070	174	170	5486	5316
128	09/02/20	569733	6242	172	174	5774	5600
129	09/03/20	569733	6394	152	179	5903	5724
130	09/04/20	569733	6535	141	183	6049	5866
131	09/05/20	569733	6717	182	186	6111	5925
132	09/06/20	569733	6880	163	188	6151	5963
133	09/07/20	569733	7050	170	192	6195	6003
134	09/08/20	569733	7172	122	196	6530	6334
135	09/09/20	569733	7380	208	200	6835	6635
136	09/10/20	569733	7493	113	205	7050	6845
137	09/11/20	569733	7619	126	211	7389	7178
138	09/12/20	569733	7829	210	211	7405	7194
139	09/13/20	569733	7916	87	212	7418	7206
140	09/14/20	569733	7993	77	214	7724	7510
141	09/15/20	569733	8159	166	218	7890	7672
142	09/16/20	569733	8296	137	221	7983	7762
143	09/17/20	569733	8330	34	224	8103	7879
144	09/18/20	569733	8462	132	228	8217	7989
145	09/19/20	569733	8605	143	231	8260	8029
146	09/20/20	569733	8691	86	234	8287	8053
147	09/21/20	569733	8809	118	236	8502	8266
148	09/22/20	569733	9100	291	237	8760	8523
149	09/23/20	569733	9281	181	242	8997	8755
150	09/24/20	569733	9391	110	245	9151	8906
151	09/25/20	569733	9578	187	247	9325	9078
152	09/26/20	569733	9768	190	249	9343	9094
153	09/27/20	569733	9907	139	251	9395	9144
154	09/28/20	569733	10020	113	253	9667	9414
155	09/29/20	569733	10125	105	255	9805	9550
156	09/30/20	569733	10192	67	258	9888	9630
157	10/01/20	569733	10292	100	262	10032	9770
158	10/02/20	569733	10393	86	265	10121	9856
159	10/03/20	569733	10512	119	265	10124	9859
160	10/04/20	569733	10707	195	265	10187	9922
161	10/05/20	569733	10845	138	268	10600	10332
162	10/06/20	569733	11015	170	270	10777	10507
163	10/07/20	569733	11100	85	271	10874	10603
164	10/08/20	569733	11202	102	272	10956	10684
165	10/09/20	569733	11272	70	274	11030	10756
166	10/10/20	569733	11315	43	275	11031	10756
167	10/11/20	569733	11344	29	276	11035	10759
168	10/12/20	569733	11380	36	279	11039	10760
169	10/13/20	569733	11401	21	382	11224	11401
170	10/14/20	569733	11495	94	285	11289	11004
171	10/15/20	569733	11530	35	288	11337	11049
172	10/16/20	569733	11583	53	289	11405	11116
173	10/17/20	569733	11646	63	291	11410	11119
174	10/18/20	569733	11687	41	292	11419	11127
175	10/19/20	569733	11732	45	294	11529	11235
176	10/20/20	569733	11808	76	296	11589	11293
177	10/21/20	569733	11898	90	297	11689	11392
178	10/22/20	569733	11969	71	298	11763	11465
179	10/23/20	569733	12056	87	301	11830	11529
180	10/24/20	569733	12170	114	302	11878	11576
181	10/25/20	569733	12225	55	302	11910	11608
182	10/26/20	569733	12249	24	306	12013	11707
183	10/27/20	569733	12301	52	309	12045	11736
184	10/28/20	569733	12324	23	310	12135	11825
185	10/29/20	569733	12473	149	311	12223	11912
186	10/30/20	569733	12550	77	314	12226	11912
187	10/31/20	569733	12595	45	315	12227	11912
188	11/01/20	569733	12638	43	317	12233	11916
189	11/02/20	569733	12691	53	317	12248	11931
190	11/03/20	569733	12730	39	320	12507	12187
191	11/04/20	569733	12762	32	323	12556	12233
192	11/05/20	569733	12809	47	325	12617	12292
193	11/06/20	569733	12885	76	325	12684	12359
194	11/07/20	569733	12959	74	326	12695	12369
195	11/08/20	569733	13002	43	327	12712	12385

