# CONTADOR                 ERRO
0000000000001              5.972134E+02
0000000000002              6.113699E+02
0000000000003              6.321864E+02
0000000000004              6.581312E+02
0000000000005              6.882237E+02
0000000000006              7.218239E+02
0000000000007              7.585302E+02
0000000000008              7.980849E+02
0000000000009              8.404040E+02
0000000000010              8.853994E+02
0000000000011              9.331348E+02
0000000000012              9.836097E+02
0000000000013              1.036934E+03
0000000000014              1.093215E+03
0000000000015              1.152580E+03
0000000000016              1.215168E+03
0000000000017              1.281135E+03
0000000000018              1.350645E+03
0000000000019              1.423876E+03
0000000000020              1.501013E+03
0000000000021              1.582253E+03
0000000000022              1.667802E+03
0000000000023              1.757878E+03
0000000000024              1.852707E+03
0000000000025              1.952527E+03
0000000000026              2.057407E+03
0000000000027              2.167948E+03
0000000000028              2.284257E+03
0000000000029              2.406613E+03
0000000000030              2.535311E+03
0000000000031              2.670655E+03
0000000000032              2.812961E+03
0000000000033              2.962559E+03
0000000000034              3.119789E+03
0000000000035              3.284609E+03
0000000000036              3.458156E+03
0000000000037              3.640434E+03
0000000000038              3.831831E+03
0000000000039              4.032751E+03
0000000000040              4.244114E+03
0000000000041              4.465357E+03
0000000000042              4.697401E+03
0000000000043              4.940690E+03
0000000000044              5.195686E+03
0000000000045              5.462850E+03
0000000000046              5.743181E+03
0000000000047              6.036128E+03
0000000000048              6.342686E+03
0000000000049              6.663339E+03
0000000000050              6.998582E+03
0000000000051              7.349402E+03
0000000000052              7.715304E+03
0000000000053              8.097253E+03
0000000000054              8.495727E+03
0000000000055              8.911188E+03
0000000000056              9.344554E+03
0000000000057              9.795334E+03
0000000000058              1.026439E+04
0000000000059              1.075211E+04
0000000000060              1.125884E+04
0000000000061              1.178491E+04
0000000000062              1.233057E+04
0000000000063              1.289607E+04
0000000000064              1.348157E+04
0000000000065              1.408763E+04
0000000000066              1.471297E+04
0000000000067              1.535933E+04
0000000000068              1.602529E+04
0000000000069              1.671109E+04
0000000000070              1.741644E+04
0000000000071              1.814097E+04
0000000000072              1.888418E+04
0000000000073              1.964546E+04
0000000000074              2.042408E+04
0000000000075              2.121920E+04
0000000000076              2.202982E+04
0000000000077              2.285483E+04
0000000000078              2.369296E+04
0000000000079              2.454281E+04
0000000000080              2.540284E+04
0000000000081              2.627134E+04
0000000000082              2.714649E+04
0000000000083              2.802599E+04
0000000000084              2.890836E+04
0000000000085              2.979102E+04
0000000000086              3.067161E+04
0000000000087              3.154761E+04
0000000000088              3.241644E+04
0000000000089              3.327541E+04
0000000000090              3.412151E+04
0000000000091              3.495240E+04
0000000000092              3.576494E+04
0000000000093              3.655625E+04
0000000000094              3.732339E+04
0000000000095              3.806336E+04
0000000000096              3.877359E+04
0000000000097              3.945113E+04
0000000000098              4.009327E+04
0000000000099              4.069736E+04
0000000000100              4.126106E+04
0000000000101              4.178197E+04
0000000000102              4.225794E+04
0000000000103              4.268702E+04
0000000000104              4.306746E+04
0000000000105              4.339777E+04
0000000000106              4.367656E+04
0000000000107              4.390296E+04
0000000000108              4.407594E+04
0000000000109              4.419509E+04
0000000000110              4.426032E+04
0000000000111              4.427128E+04
0000000000112              4.422863E+04
0000000000113              4.413243E+04
0000000000114              4.398396E+04
0000000000115              4.378367E+04
0000000000116              4.353339E+04
0000000000117              4.323390E+04
0000000000118              4.288757E+04
0000000000119              4.249545E+04
0000000000120              4.206032E+04
0000000000121              4.158345E+04
0000000000122              4.106800E+04
0000000000123              4.051534E+04
0000000000124              3.992893E+04
0000000000125              3.931021E+04
0000000000126              3.866279E+04
0000000000127              3.798873E+04
0000000000128              3.728996E+04
0000000000129              3.657027E+04
0000000000130              3.583093E+04
0000000000131              3.507574E+04
0000000000132              3.430652E+04
0000000000133              3.352491E+04
0000000000134              3.273467E+04
0000000000135              3.193657E+04
0000000000136              3.113419E+04
0000000000137              3.032887E+04
0000000000138              2.952175E+04
0000000000139              2.871622E+04
0000000000140              2.791324E+04
0000000000141              2.711357E+04
0000000000142              2.632035E+04
0000000000143              2.553336E+04
0000000000144              2.475545E+04
0000000000145              2.398703E+04
0000000000146              2.322832E+04
0000000000147              2.248189E+04
0000000000148              2.174783E+04
0000000000149              2.102603E+04
0000000000150              2.031881E+04
0000000000151              1.962514E+04
0000000000152              1.894708E+04
0000000000153              1.828352E+04
0000000000154              1.763628E+04
0000000000155              1.700489E+04
0000000000156              1.638883E+04
0000000000157              1.578967E+04
0000000000158              1.520610E+04
0000000000159              1.463950E+04
0000000000160              1.408855E+04
0000000000161              1.355445E+04
0000000000162              1.303588E+04
0000000000163              1.253386E+04
0000000000164              1.204712E+04
0000000000165              1.157651E+04
0000000000166              1.112080E+04
0000000000167              1.068027E+04
0000000000168              1.025503E+04
0000000000169              9.843987E+03
0000000000170              9.447611E+03
0000000000171              9.064845E+03
0000000000172              8.695768E+03
0000000000173              8.340312E+03
0000000000174              7.997559E+03
0000000000175              7.667722E+03
0000000000176              7.349926E+03
0000000000177              7.044112E+03
0000000000178              6.750116E+03
0000000000179              6.467182E+03
0000000000180              6.195356E+03
0000000000181              5.933929E+03
0000000000182              5.682759E+03
0000000000183              5.441639E+03
0000000000184              5.209960E+03
0000000000185              4.987548E+03
0000000000186              4.774182E+03
0000000000187              4.569337E+03
0000000000188              4.372824E+03
0000000000189              4.184416E+03
0000000000190              4.003662E+03
0000000000191              3.830365E+03
0000000000192              3.664301E+03
0000000000193              3.505084E+03
0000000000194              3.352517E+03
0000000000195              3.206381E+03
0000000000196              3.066348E+03
0000000000197              2.932259E+03
0000000000198              2.803809E+03
0000000000199              2.680814E+03
0000000000200              2.563079E+03
0000000000201              2.450346E+03
0000000000202              2.342441E+03
0000000000203              2.239182E+03
0000000000204              2.140349E+03
0000000000205              2.045779E+03
0000000000206              1.955303E+03
0000000000207              1.868736E+03
0000000000208              1.785925E+03
0000000000209              1.706718E+03
0000000000210              1.630955E+03
0000000000211              1.558497E+03
0000000000212              1.489206E+03
0000000000213              1.422945E+03
0000000000214              1.359589E+03
0000000000215              1.299012E+03
0000000000216              1.241097E+03
0000000000217              1.185731E+03
0000000000218              1.132802E+03
0000000000219              1.082209E+03
0000000000220              1.033850E+03
0000000000221              9.876254E+02
0000000000222              9.434489E+02
0000000000223              9.012293E+02
0000000000224              8.608774E+02
0000000000225              8.223193E+02
0000000000226              7.854735E+02
0000000000227              7.502611E+02
0000000000228              7.166188E+02
0000000000229              6.844737E+02
0000000000230              6.537563E+02
0000000000231              6.244116E+02
0000000000232              5.963759E+02
0000000000233              5.695870E+02
0000000000234              5.439981E+02
0000000000235              5.195524E+02
0000000000236              4.961956E+02
0000000000237              4.738868E+02
0000000000238              4.525727E+02
0000000000239              4.322160E+02
0000000000240              4.127710E+02
0000000000241              3.941936E+02
0000000000242              3.764521E+02
0000000000243              3.595062E+02
0000000000244              3.433170E+02
0000000000245              3.278572E+02
0000000000246              3.130913E+02
0000000000247              2.989854E+02
0000000000248              2.855157E+02
0000000000249              2.726512E+02
0000000000250              2.603621E+02
0000000000251              2.486279E+02
0000000000252              2.374211E+02
0000000000253              2.267160E+02
0000000000254              2.164945E+02
0000000000255              2.067330E+02
0000000000256              1.974085E+02
0000000000257              1.885058E+02
0000000000258              1.800018E+02
0000000000259              1.718826E+02
0000000000260              1.641290E+02
0000000000261              1.567229E+02
0000000000262              1.496520E+02
0000000000263              1.428997E+02
0000000000264              1.364501E+02
0000000000265              1.302926E+02
0000000000266              1.244126E+02
0000000000267              1.187963E+02
0000000000268              1.134345E+02
0000000000269              1.083132E+02
0000000000270              1.034240E+02
0000000000271              9.875527E+01
0000000000272              9.429605E+01
0000000000273              9.003896E+01
0000000000274              8.597388E+01
0000000000275              8.209127E+01
0000000000276              7.838473E+01
0000000000277              7.484540E+01
0000000000278              7.146496E+01
0000000000279              6.823787E+01
0000000000280              6.515638E+01
0000000000281              6.221326E+01
0000000000282              5.940368E+01
0000000000283              5.672026E+01
0000000000284              5.415858E+01
0000000000285              5.171253E+01
0000000000286              4.937637E+01
0000000000287              4.714619E+01
0000000000288              4.501670E+01
0000000000289              4.298288E+01
0000000000290              4.104134E+01
0000000000291              3.918749E+01
0000000000292              3.741693E+01
0000000000293              3.572673E+01
0000000000294              3.411247E+01
0000000000295              3.257148E+01
0000000000296              3.110007E+01
0000000000297              2.969481E+01
0000000000298              2.835332E+01
0000000000299              2.707240E+01
0000000000300              2.584908E+01
0000000000301              2.468127E+01
0000000000302              2.356598E+01
0000000000303              2.250129E+01
0000000000304              2.148469E+01
0000000000305              2.051381E+01
0000000000306              1.958699E+01
0000000000307              1.870204E+01
0000000000308              1.785688E+01
0000000000309              1.705007E+01
0000000000310              1.627971E+01
0000000000311              1.554401E+01
0000000000312              1.484168E+01
0000000000313              1.417095E+01
0000000000314              1.353066E+01
0000000000315              1.291930E+01
0000000000316              1.233543E+01
0000000000317              1.177806E+01
0000000000318              1.124588E+01
0000000000319              1.073763E+01
0000000000320              1.025245E+01
0000000000321              9.789104E+00
0000000000322              9.346776E+00
0000000000323              8.924434E+00
0000000000324              8.521098E+00
0000000000325              8.136061E+00
0000000000326              7.768421E+00
0000000000327              7.417328E+00
0000000000328              7.082162E+00
0000000000329              6.762083E+00
0000000000330              6.456522E+00
0000000000331              6.164768E+00
0000000000332              5.886150E+00
0000000000333              5.620168E+00
0000000000334              5.366204E+00
0000000000335              5.123675E+00
0000000000336              4.892147E+00
0000000000337              4.671041E+00
0000000000338              4.459965E+00
0000000000339              4.258425E+00
0000000000340              4.065962E+00
0000000000341              3.882226E+00
0000000000342              3.706793E+00
0000000000343              3.539260E+00
0000000000344              3.379324E+00
0000000000345              3.226592E+00
0000000000346              3.080785E+00
0000000000347              2.941566E+00
0000000000348              2.808619E+00
0000000000349              2.681699E+00
0000000000350              2.560496E+00
0000000000351              2.444788E+00
0000000000352              2.334309E+00
0000000000353              2.228806E+00
0000000000354              2.128087E+00
0000000000355              2.031919E+00
0000000000356              1.940084E+00
0000000000357              1.852411E+00
0000000000358              1.768689E+00
0000000000359              1.688762E+00
0000000000360              1.612446E+00
0000000000361              1.539570E+00
0000000000362              1.469996E+00
0000000000363              1.403566E+00
0000000000364              1.340130E+00
0000000000365              1.279569E+00
0000000000366              1.221738E+00
0000000000367              1.166526E+00
0000000000368              1.113810E+00
0000000000369              1.063470E+00
0000000000370              1.015411E+00
0000000000371              9.695187E-01
0000000000372              9.257048E-01
0000000000373              8.838711E-01  ESTADO ESTACIONÁRIO ALCANÇADO
  
A SIMULAÇÃO PREDIZ QUE O NÚMERO DE DIAS DA PANDEMIA SERIA:   376.00 DIAS.
