           6          21   9.84265398E-07
           7          25   9.39079428E-07
           8          28   9.52522555E-07
           9          31   8.27906320E-07
          10          33   9.30552289E-07
          11          35   9.06011508E-07
          12          37   8.04609101E-07
          13          38   9.74511067E-07
          14          40   7.86144085E-07
          15          41   9.81476433E-07
          16          43   7.40495921E-07
          17          44   8.22325262E-07
          18          45   8.64062145E-07
          19          46   8.62356671E-07
          20          47   8.88023351E-07
          21          48   9.03007901E-07
          22          49   9.43007990E-07
          23          50   9.34849709E-07
          24          51   9.22290440E-07
          25          52   8.98275289E-07
          26          53   9.32638613E-07
          27          54   8.67940685E-07
          28          55   8.80065159E-07
          29          56   8.47121669E-07
          30          57   8.40789141E-07
          31          58   7.59339002E-07
          32          59   7.69482540E-07
          33          59   9.52997311E-07
          34          60   9.32439093E-07
          35          61   8.94912318E-07
          36          62   8.55382780E-07
          37          63   8.20018101E-07
          38          64   7.58781937E-07
          39          64   9.63023012E-07
          40          65   9.61177648E-07
          41          66   8.72896464E-07
          42          67   8.55168764E-07
          43          68   8.27479198E-07
          44          69   8.07486231E-07
          45          70   7.87713873E-07
          46          71   7.89590445E-07
          47          71   9.98445557E-07
          48          73   8.16957368E-07
          49          74   8.44989358E-07
          50          75   8.78006858E-07
          51          76   9.12061012E-07
          52          77   9.55302085E-07
          53          79   8.47512013E-07
          54          80   8.80669120E-07
          55          81   9.36313199E-07
          56          82   9.87370299E-07
          57          84   8.62678178E-07
          58          85   9.04430237E-07
          59          86   9.69520443E-07
          60          88   8.38144956E-07
          61          89   8.83194502E-07
          62          90   9.24036897E-07
          63          91   9.69638450E-07
          64          92   9.89974751E-07
          65          94   8.65140237E-07
          66          95   8.93667220E-07
          67          96   9.23772632E-07
          68          97   9.52858557E-07
          69          98   9.83522000E-07
          70         100   8.41275607E-07
          71         101   8.71941495E-07
          72         102   9.01571696E-07
          73         103   9.13808947E-07
          74         104   9.34346701E-07
          75         105   9.69299094E-07
          76         106   9.88037414E-07
          77         108   8.32295882E-07
          78         109   8.59551506E-07
          79         110   8.69401561E-07
          80         111   8.74330453E-07
          81         112   8.79134916E-07
          82         113   8.88041370E-07
          83         114   9.08818208E-07
          84         115   9.13570432E-07
          85         116   9.07685830E-07
          86         117   9.22039817E-07
          87         118   9.23639334E-07
          88         119   9.19747322E-07
          89         120   9.08110792E-07
          90         121   9.03771195E-07
          91         122   9.06461196E-07
          92         123   8.90253318E-07
          93         124   8.82363963E-07
          94         125   8.77626178E-07
          95         126   8.54216637E-07
          96         127   8.42411112E-07
          97         127   9.79831725E-07
          98         128   9.51635059E-07
          99         129   9.22355639E-07
         100         130   9.03398870E-07
         101         131   8.76001877E-07
         102         132   8.37188452E-07
         103         132   9.66419975E-07
         104         133   9.23956293E-07
         105         134   8.81637845E-07
         106         135   8.37862103E-07
         107         135   9.53762992E-07
         108         136   9.03468901E-07
         109         137   8.53641438E-07
         110         137   9.65135200E-07
         111         138   9.09280232E-07
         112         139   8.41214955E-07
         113         139   9.53140443E-07
         114         140   8.82345603E-07
         115         140   9.82454480E-07
         116         141   9.22538845E-07
         117         142   8.45657667E-07
         118         142   9.40670077E-07
         119         143   8.59616534E-07
         120         143   9.53796757E-07
         121         144   8.57612463E-07
         122         144   9.51634320E-07
         123         145   8.64136666E-07
         124         145   9.29969758E-07
         125         146   8.55549501E-07
         126         146   9.17446130E-07
         127         147   8.36744903E-07
         128         147   8.98910287E-07
         129         147   9.68796257E-07
         130         148   8.64873357E-07
         131         148   9.30385113E-07
         132         149   8.28217139E-07
         133         149   8.89505259E-07
         134         149   9.44053113E-07
         135         150   8.38633468E-07
         136         150   8.99853148E-07
         137         150   9.51185939E-07
         138         151   8.32063677E-07
         139         151   8.80886319E-07
         140         151   9.34568618E-07
         141         151   9.88417469E-07
         142         152   8.73068927E-07
         143         152   9.20504931E-07
         144         152   9.76454430E-07
         145         153   8.55145686E-07
         146         153   9.07213973E-07
         147         153   9.54669758E-07
         148         154   8.32920136E-07
         149         154   8.78028118E-07
         150         154   9.31276077E-07
         151         154   9.77651894E-07
         152         155   8.46154990E-07
         153         155   8.99766349E-07
         154         155   9.56975668E-07
         155         156   8.38687924E-07
         156         156   8.94498839E-07
         157         156   9.46650573E-07
         158         157   8.39045356E-07
         159         157   8.96052768E-07
         160         157   9.59841259E-07
         161         158   8.54030247E-07
         162         158   9.12224209E-07
         163         158   9.82142865E-07
         164         159   8.88761974E-07
         165         159   9.60057037E-07
         166         160   8.58160377E-07
         167         160   9.46676892E-07
         168         161   8.61664205E-07
         169         161   9.43041584E-07
         170         162   8.69230234E-07
         171         162   9.43110763E-07
         172         163   8.72124929E-07
         173         163   9.54806978E-07
         174         164   8.86596922E-07
         175         164   9.67856863E-07
         176         165   9.07243077E-07
         177         165   9.92236096E-07
         178         166   9.23843231E-07
         179         167   8.70279791E-07
         180         167   9.53843937E-07
         181         168   8.96126551E-07
         182         168   9.81863650E-07
         183         169   9.23464484E-07
         184         170   8.65814627E-07
         185         170   9.54834832E-07
         186         171   8.98903977E-07
         187         171   9.87671115E-07
         188         172   9.26563189E-07
         189         173   8.67843426E-07
         190         173   9.57556722E-07
         191         174   9.03355840E-07
         192         174   9.96942504E-07
         193         175   9.33363310E-07
         194         176   8.89259013E-07
         195         176   9.78737376E-07
         196         177   9.21225876E-07
         197         178   8.69576127E-07
         198         178   9.63726166E-07
         199         179   9.08960203E-07
         200         180   8.51719449E-07
         201         180   9.46709406E-07
         202         181   8.89743092E-07
         203         181   9.86128271E-07
         204         182   9.34100285E-07
         205         183   8.79179083E-07
         206         183   9.72276212E-07
         207         184   9.23470452E-07
         208         185   8.64163383E-07
         209         185   9.60389571E-07
         210         186   9.12452435E-07
         211         187   8.62246054E-07
         212         187   9.59839554E-07
         213         188   8.95651851E-07
         214         188   9.97937150E-07
         215         189   9.43227974E-07
         216         190   8.97255461E-07
         217         191   8.44817123E-07
         218         191   9.45703846E-07
         219         192   8.91035029E-07
         220         192   9.93546678E-07
         221         193   9.36936544E-07
         222         194   8.80439984E-07
         223         194   9.80115715E-07
         224         195   9.34977322E-07
         225         196   8.76055481E-07
         226         196   9.78599928E-07
         227         197   9.28319366E-07
         228         198   8.75434807E-07
         229         198   9.79496917E-07
         230         199   9.21368496E-07
         231         200   8.71570194E-07
         232         200   9.70662427E-07
         233         201   9.17606769E-07
         234         202   8.64939466E-07
         235         202   9.62773925E-07
         236         203   9.03246473E-07
         237         204   8.62265381E-07
         238         204   9.58119813E-07
         239         205   9.01911108E-07
         240         206   8.54611073E-07
         241         206   9.48318871E-07
         242         207   9.00596945E-07
         243         208   8.46470414E-07
         244         208   9.49438515E-07
         245         209   8.96845279E-07
         246         210   8.45847296E-07
         247         210   9.45303384E-07
         248         211   8.91591071E-07
         249         211   9.91962565E-07
         250         212   9.35778303E-07
         251         213   8.80129733E-07
         252         213   9.82392294E-07
         253         214   9.31396301E-07
         254         215   8.82777215E-07
         255         215   9.77968284E-07
         256         216   9.23923267E-07
         257         217   8.65336915E-07
         258         217   9.71262011E-07
         259         218   9.15751116E-07
         260         219   8.66035634E-07
         261         219   9.58185410E-07
         262         220   8.99569386E-07
         263         220   9.99572649E-07
         264         221   9.40184862E-07
         265         222   8.91509956E-07
         266         222   9.92671630E-07
         267         223   9.38674646E-07
         268         224   8.83755206E-07
         269         224   9.75407033E-07
         270         225   9.31173759E-07
         271         226   8.73632246E-07
         272         226   9.66418270E-07
         273         227   9.18063904E-07
         274         228   8.63469893E-07
         275         228   9.56439976E-07
         276         229   9.12710561E-07
         277         230   8.58259682E-07
         278         230   9.51371703E-07
         279         231   8.95481435E-07
         280         231   9.92631612E-07
         281         232   9.33313174E-07
         282         233   8.91163893E-07
         283         233   9.85113161E-07
         284         234   9.22752520E-07
         285         235   8.79849551E-07
         286         235   9.67805249E-07
         287         236   9.14468274E-07
         288         237   8.67463712E-07
         289         237   9.58038527E-07
         290         238   9.03141142E-07
         291         238   9.98471137E-07
         292         239   9.43214673E-07
         293         240   8.87998794E-07
         294         240   9.75781859E-07
         295         241   9.27131452E-07
         296         242   8.82027280E-07
         297         242   9.72118983E-07
         298         243   9.18649789E-07
         299         244   8.56582233E-07
         300         244   9.48334673E-07
         301         245   9.03365560E-07
         302         245   9.91272827E-07
         303         246   9.33558454E-07
         304         247   8.89588080E-07
         305         247   9.79491347E-07
         306         248   9.21063872E-07
         307         249   8.73551130E-07
         308         249   9.61587602E-07
         309         250   9.08017512E-07
         310         251   8.61960928E-07
         311         251   9.48144532E-07
         312         252   8.92888522E-07
         313         252   9.89766249E-07
         314         253   9.34421735E-07
         315         254   8.84038684E-07
         316         254   9.73239821E-07
         317         255   9.23407583E-07
         318         256   8.66299729E-07
         319         256   9.54077791E-07
         320         257   9.09539438E-07
         321         257   9.97420898E-07
         322         258   9.42711551E-07
         323         259   8.90853926E-07
         324         259   9.75614284E-07
         325         260   9.27563804E-07
         326         261   8.76400406E-07
         327         261   9.64324613E-07
         328         262   9.11069208E-07
         329         262   9.98159180E-07
         330         263   9.45694410E-07
         331         264   8.94121229E-07
         332         264   9.79008632E-07
         333         265   9.25147333E-07
         334         266   8.81482265E-07
         335         266   9.61698220E-07
         336         267   9.10335814E-07
         337         268   8.64557649E-07
         338         268   9.48540105E-07
         339         269   8.99695408E-07
         340         269   9.81975290E-07
         341         270   9.31037903E-07
         342         271   8.80512346E-07
         343         271   9.66716470E-07
         344         272   9.18412979E-07
         345         273   8.57771624E-07
         346         273   9.42580925E-07
         347         274   8.95471203E-07
         348         274   9.81207791E-07
         349         275   9.34573450E-07
         350         276   8.76541492E-07
         351         276   9.60909574E-07
         352         277   9.12518260E-07
         353         277   9.99617441E-07
         354         278   9.42703196E-07
         355         279   8.91246032E-07
         356         279   9.74614636E-07
         357         280   9.25052518E-07
         358         281   8.82981851E-07
         359         281   9.57769089E-07
         360         282   9.02425597E-07
         361         282   9.94879201E-07
         362         283   9.45728857E-07
         363         284   8.89163857E-07
         364         284   9.72217663E-07
