# CONTADOR                 ERRO
0000000000001              2.962279E+02
0000000000002              3.078388E+02
0000000000003              3.222699E+02
0000000000004              3.390092E+02
0000000000005              3.577300E+02
0000000000006              3.782486E+02
0000000000007              4.004648E+02
0000000000008              4.243269E+02
0000000000009              4.498626E+02
0000000000010              4.770792E+02
0000000000011              5.060652E+02
0000000000012              5.368619E+02
0000000000013              5.695738E+02
0000000000014              6.043018E+02
0000000000015              6.411573E+02
0000000000016              6.802612E+02
0000000000017              7.217434E+02
0000000000018              7.657429E+02
0000000000019              8.124074E+02
0000000000020              8.618940E+02
0000000000021              9.143691E+02
0000000000022              9.700088E+02
0000000000023              1.029000E+03
0000000000024              1.091538E+03
0000000000025              1.157832E+03
0000000000026              1.228102E+03
0000000000027              1.302580E+03
0000000000028              1.381358E+03
0000000000029              1.464985E+03
0000000000030              1.553594E+03
0000000000031              1.647470E+03
0000000000032              1.746915E+03
0000000000033              1.852247E+03
0000000000034              1.963508E+03
0000000000035              2.081612E+03
0000000000036              2.206654E+03
0000000000037              2.339022E+03
0000000000038              2.479122E+03
0000000000039              2.627378E+03
0000000000040              2.784237E+03
0000000000041              2.950164E+03
0000000000042              3.125079E+03
0000000000043              3.311194E+03
0000000000044              3.507337E+03
0000000000045              3.714628E+03
0000000000046              3.933642E+03
0000000000047              4.164979E+03
0000000000048              4.409881E+03
0000000000049              4.667770E+03
0000000000050              4.939909E+03
0000000000051              5.226981E+03
0000000000052              5.530304E+03
0000000000053              5.849407E+03
0000000000054              6.185617E+03
0000000000055              6.540263E+03
0000000000056              6.913003E+03
0000000000057              7.305173E+03
0000000000058              7.717563E+03
0000000000059              8.150977E+03
0000000000060              8.606775E+03
0000000000061              9.084661E+03
0000000000062              9.585968E+03
0000000000063              1.011148E+04
0000000000064              1.066196E+04
0000000000065              1.123867E+04
0000000000066              1.184128E+04
0000000000067              1.247097E+04
0000000000068              1.312835E+04
0000000000069              1.381398E+04
0000000000070              1.452835E+04
0000000000071              1.527187E+04
0000000000072              1.604534E+04
0000000000073              1.684799E+04
0000000000074              1.768040E+04
0000000000075              1.854254E+04
0000000000076              1.943423E+04
0000000000077              2.035512E+04
0000000000078              2.130471E+04
0000000000079              2.228230E+04
0000000000080              2.328699E+04
0000000000081              2.431767E+04
0000000000082              2.537303E+04
0000000000083              2.645148E+04
0000000000084              2.755121E+04
0000000000085              2.867018E+04
0000000000086              2.980607E+04
0000000000087              3.095629E+04
0000000000088              3.211802E+04
0000000000089              3.328815E+04
0000000000090              3.446336E+04
0000000000091              3.564005E+04
0000000000092              3.681412E+04
0000000000093              3.798218E+04
0000000000094              3.913970E+04
0000000000095              4.028229E+04
0000000000096              4.140548E+04
0000000000097              4.250466E+04
0000000000098              4.357495E+04
0000000000099              4.461208E+04
0000000000100              4.561116E+04
0000000000101              4.656757E+04
0000000000102              4.747668E+04
0000000000103              4.833435E+04
0000000000104              4.913630E+04
0000000000105              4.987852E+04
0000000000106              5.055746E+04
0000000000107              5.116969E+04
0000000000108              5.171227E+04
0000000000109              5.218252E+04
0000000000110              5.257837E+04
0000000000111              5.289784E+04
0000000000112              5.313971E+04
0000000000113              5.330329E+04
0000000000114              5.338785E+04
0000000000115              5.339384E+04
0000000000116              5.332135E+04
0000000000117              5.317187E+04
0000000000118              5.294620E+04
0000000000119              5.264683E+04
0000000000120              5.227521E+04
0000000000121              5.183469E+04
0000000000122              5.132727E+04
0000000000123              5.075700E+04
0000000000124              5.012686E+04
0000000000125              4.943985E+04
0000000000126              4.870089E+04
0000000000127              4.791270E+04
0000000000128              4.708051E+04
0000000000129              4.620778E+04
0000000000130              4.529789E+04
0000000000131              4.435633E+04
0000000000132              4.338645E+04
0000000000133              4.239144E+04
0000000000134              4.137672E+04
0000000000135              4.034534E+04
0000000000136              3.930094E+04
0000000000137              3.824604E+04
0000000000138              3.718584E+04
0000000000139              3.612262E+04
0000000000140              3.505832E+04
0000000000141              3.399770E+04
0000000000142              3.294239E+04
0000000000143              3.189380E+04
0000000000144              3.085611E+04
0000000000145              2.983040E+04
0000000000146              2.881846E+04
0000000000147              2.782090E+04
0000000000148              2.684125E+04
0000000000149              2.587982E+04
0000000000150              2.493666E+04
0000000000151              2.401483E+04
0000000000152              2.311413E+04
0000000000153              2.223423E+04
0000000000154              2.137768E+04
0000000000155              2.054395E+04
0000000000156              1.973237E+04
0000000000157              1.894506E+04
0000000000158              1.818121E+04
0000000000159              1.743992E+04
0000000000160              1.672295E+04
0000000000161              1.602845E+04
0000000000162              1.535786E+04
0000000000163              1.470939E+04
0000000000164              1.408421E+04
0000000000165              1.348057E+04
0000000000166              1.289940E+04
0000000000167              1.233904E+04
0000000000168              1.180022E+04
0000000000169              1.128135E+04
0000000000170              1.078298E+04
0000000000171              1.030361E+04
0000000000172              9.843648E+03
0000000000173              9.401691E+03
0000000000174              8.977662E+03
0000000000175              8.571304E+03
0000000000176              8.181433E+03
0000000000177              7.808105E+03
0000000000178              7.450218E+03
0000000000179              7.107536E+03
0000000000180              6.779710E+03
0000000000181              6.465812E+03
0000000000182              6.165704E+03
0000000000183              5.878534E+03
0000000000184              5.603996E+03
0000000000185              5.341710E+03
0000000000186              5.090966E+03
0000000000187              4.851527E+03
0000000000188              4.622742E+03
0000000000189              4.404288E+03
0000000000190              4.195798E+03
0000000000191              3.996733E+03
0000000000192              3.806771E+03
0000000000193              3.625561E+03
0000000000194              3.452653E+03
0000000000195              3.287737E+03
0000000000196              3.130483E+03
0000000000197              2.980518E+03
0000000000198              2.837559E+03
0000000000199              2.701267E+03
0000000000200              2.571366E+03
0000000000201              2.447572E+03
0000000000202              2.329604E+03
0000000000203              2.217206E+03
0000000000204              2.110120E+03
0000000000205              2.008113E+03
0000000000206              1.910952E+03
0000000000207              1.818403E+03
0000000000208              1.730274E+03
0000000000209              1.646340E+03
0000000000210              1.566430E+03
0000000000211              1.490346E+03
0000000000212              1.417909E+03
0000000000213              1.348937E+03
0000000000214              1.283293E+03
0000000000215              1.220794E+03
0000000000216              1.161320E+03
0000000000217              1.104715E+03
0000000000218              1.050828E+03
0000000000219              9.995591E+02
0000000000220              9.507704E+02
0000000000221              9.043299E+02
0000000000222              8.601530E+02
0000000000223              8.181187E+02
0000000000224              7.781108E+02
0000000000225              7.400589E+02
0000000000226              7.038561E+02
0000000000227              6.694017E+02
0000000000228              6.366356E+02
0000000000229              6.054647E+02
0000000000230              5.758009E+02
0000000000231              5.475940E+02
0000000000232              5.207625E+02
0000000000233              4.952297E+02
0000000000234              4.709531E+02
0000000000235              4.478619E+02
0000000000236              4.258895E+02
0000000000237              4.049998E+02
0000000000238              3.851312E+02
0000000000239              3.662260E+02
0000000000240              3.482538E+02
0000000000241              3.311608E+02
0000000000242              3.148974E+02
0000000000243              2.994372E+02
0000000000244              2.847276E+02
0000000000245              2.707452E+02
0000000000246              2.574478E+02
0000000000247              2.447963E+02
0000000000248              2.327708E+02
0000000000249              2.213348E+02
0000000000250              2.104546E+02
0000000000251              2.001131E+02
0000000000252              1.902789E+02
0000000000253              1.809228E+02
0000000000254              1.720303E+02
0000000000255              1.635741E+02
0000000000256              1.555293E+02
0000000000257              1.478832E+02
0000000000258              1.406090E+02
0000000000259              1.336956E+02
0000000000260              1.271217E+02
0000000000261              1.208677E+02
0000000000262              1.149239E+02
0000000000263              1.092722E+02
0000000000264              1.038954E+02
0000000000265              9.878559E+01
0000000000266              9.392682E+01
0000000000267              8.930456E+01
0000000000268              8.491178E+01
0000000000269              8.073492E+01
0000000000270              7.676139E+01
0000000000271              7.298518E+01
0000000000272              6.939464E+01
0000000000273              6.597895E+01
0000000000274              6.273289E+01
0000000000275              5.964491E+01
0000000000276              5.671031E+01
0000000000277              5.392003E+01
0000000000278              5.126567E+01
0000000000279              4.874316E+01
0000000000280              4.634472E+01
0000000000281              4.406314E+01
0000000000282              4.189489E+01
0000000000283              3.983331E+01
0000000000284              3.787218E+01
0000000000285              3.600847E+01
0000000000286              3.423560E+01
0000000000287              3.255082E+01
0000000000288              3.094890E+01
0000000000289              2.942508E+01
0000000000290              2.797696E+01
0000000000291              2.660009E+01
0000000000292              2.529034E+01
0000000000293              2.404567E+01
0000000000294              2.286223E+01
0000000000295              2.173649E+01
0000000000296              2.066669E+01
0000000000297              1.964905E+01
0000000000298              1.868197E+01
0000000000299              1.776246E+01
0000000000300              1.688781E+01
0000000000301              1.605661E+01
0000000000302              1.526630E+01
0000000000303              1.451455E+01
0000000000304              1.380015E+01
0000000000305              1.312089E+01
0000000000306              1.247478E+01
0000000000307              1.186075E+01
0000000000308              1.127669E+01
0000000000309              1.072163E+01
0000000000310              1.019389E+01
0000000000311              9.691899E+00
0000000000312              9.214840E+00
0000000000313              8.761262E+00
0000000000314              8.329820E+00
0000000000315              7.919799E+00
0000000000316              7.529790E+00
0000000000317              7.159149E+00
0000000000318              6.806747E+00
0000000000319              6.471550E+00
0000000000320              6.152995E+00
0000000000321              5.850117E+00
0000000000322              5.562028E+00
0000000000323              5.288240E+00
0000000000324              5.027819E+00
0000000000325              4.780325E+00
0000000000326              4.545014E+00
0000000000327              4.321194E+00
0000000000328              4.108482E+00
0000000000329              3.906241E+00
0000000000330              3.713877E+00
0000000000331              3.531060E+00
0000000000332              3.357239E+00
0000000000333              3.191912E+00
0000000000334              3.034787E+00
0000000000335              2.885338E+00
0000000000336              2.743304E+00
0000000000337              2.608261E+00
0000000000338              2.479817E+00
0000000000339              2.357745E+00
0000000000340              2.241681E+00
0000000000341              2.131289E+00
0000000000342              2.026373E+00
0000000000343              1.926584E+00
0000000000344              1.831745E+00
0000000000345              1.741573E+00
0000000000346              1.655810E+00
0000000000347              1.574299E+00
0000000000348              1.496772E+00
0000000000349              1.423091E+00
0000000000350              1.353036E+00
0000000000351              1.286406E+00
0000000000352              1.223080E+00
0000000000353              1.162870E+00
0000000000354              1.105605E+00
0000000000355              1.051179E+00
0000000000356              9.994142E-01
0000000000357              9.502155E-01
0000000000358              9.034383E-01
0000000000359              8.589491E-01  ESTADO ESTACIONÁRIO ALCANÇADO
  
A SIMULAÇÃO PREDIZ QUE O NÚMERO DE DIAS DA PANDEMIA SERIA:   362.00 DIAS.
