           6          22   5.28872192E-07
           7          25   9.78722142E-07
           8          29   5.90135471E-07
           9          31   8.34646698E-07
          10          33   9.46173827E-07
          11          35   9.45174293E-07
          12          37   8.79890138E-07
          13          39   7.73171507E-07
          14          40   8.88509589E-07
          15          41   9.54353254E-07
          16          43   7.77896787E-07
          17          44   7.92768674E-07
          18          45   8.60884086E-07
          19          46   9.01755641E-07
          20          47   8.97081975E-07
          21          48   9.74692057E-07
          22          49   9.57793191E-07
          23          50   9.98871542E-07
          24          51   9.81839889E-07
          25          52   9.88114266E-07
          26          53   9.90398689E-07
          27          55   7.08555206E-07
          28          55   9.69834559E-07
          29          56   9.71644340E-07
          30          57   9.69347752E-07
          31          58   9.43167095E-07
          32          59   9.08043489E-07
          33          60   8.60171269E-07
          34          61   8.52925155E-07
          35          62   8.46431647E-07
          36          63   8.25948746E-07
          37          64   7.56364329E-07
          38          65   7.68424343E-07
          39          65   9.84696953E-07
          40          66   9.29103464E-07
          41          67   9.06736375E-07
          42          68   8.51131006E-07
          43          69   8.33890795E-07
          44          70   7.74090495E-07
          45          71   7.43796420E-07
          46          71   9.52314053E-07
          47          72   8.99273800E-07
          48          73   8.80010305E-07
          49          74   8.17210832E-07
          50          75   8.16728743E-07
          51          75   9.66651555E-07
          52          76   9.60407192E-07
          53          77   8.81841288E-07
          54          78   8.49547405E-07
          55          79   7.90372894E-07
          56          79   9.90511126E-07
          57          80   9.47704507E-07
          58          81   9.11907421E-07
          59          82   8.39034328E-07
          60          83   7.96355948E-07
          61          83   9.78583557E-07
          62          84   9.41107885E-07
          63          85   8.65125969E-07
          64          86   8.26230348E-07
          65          86   9.81904350E-07
          66          87   9.31911700E-07
          67          88   8.85937311E-07
          68          89   8.55052008E-07
          69          90   8.02251918E-07
          70          90   9.73191504E-07
          71          91   9.11585289E-07
          72          92   8.61996512E-07
          73          93   8.26086136E-07
          74          93   9.87624958E-07
          75          94   9.23685377E-07
          76          95   8.72036594E-07
          77          96   8.23130108E-07
          78          96   9.91702564E-07
          79          97   9.09225321E-07
          80          98   8.69078690E-07
          81          99   8.52793391E-07
          82          99   9.86208988E-07
          83         100   9.12470966E-07
          84         101   8.66481173E-07
          85         102   8.27238750E-07
          86         102   9.81531912E-07
          87         103   9.23423556E-07
          88         104   8.61546880E-07
          89         105   8.06647051E-07
          90         105   9.46619480E-07
          91         106   9.04259707E-07
          92         107   8.36739957E-07
          93         107   9.65892582E-07
          94         108   9.28813620E-07
          95         109   8.81838389E-07
          96         110   8.27357155E-07
          97         110   9.67269330E-07
          98         111   9.19750960E-07
          99         112   8.43001089E-07
         100         112   9.85657039E-07
         101         113   9.34152183E-07
         102         114   8.83176426E-07
         103         115   8.52957498E-07
         104         115   9.99812073E-07
         105         116   8.89666978E-07
         106         117   8.45905561E-07
         107         117   9.83574068E-07
         108         118   9.26071266E-07
         109         119   8.93101173E-07
         110         120   8.42927534E-07
         111         120   9.70600126E-07
         112         121   9.03155239E-07
         113         122   8.42728980E-07
         114         122   9.80963364E-07
         115         123   9.17765476E-07
         116         124   8.68035329E-07
         117         124   9.93675485E-07
         118         125   9.36082927E-07
         119         126   8.77164950E-07
         120         127   8.32131036E-07
         121         127   9.67246478E-07
         122         128   9.08692016E-07
         123         129   8.55243115E-07
         124         129   9.52766470E-07
         125         130   9.01550436E-07
         126         131   8.54900350E-07
         127         131   9.78413595E-07
         128         132   9.29696398E-07
         129         133   8.73011629E-07
         130         134   8.17409330E-07
         131         134   9.31818306E-07
         132         135   8.86889836E-07
         133         135   9.97597567E-07
         134         136   9.33156286E-07
         135         137   8.95057667E-07
         136         138   8.41043345E-07
         137         138   9.50611422E-07
         138         139   8.91063848E-07
         139         140   8.58678675E-07
         140         140   9.67318670E-07
         141         141   9.00397765E-07
         142         142   8.41540043E-07
         143         142   9.68760787E-07
         144         143   9.24518815E-07
         145         144   8.58356714E-07
         146         144   9.88595502E-07
         147         145   9.10131234E-07
         148         146   8.72203543E-07
         149         146   9.84292797E-07
         150         147   9.33510250E-07
         151         148   8.68483482E-07
         152         148   9.75334501E-07
         153         149   9.05676814E-07
         154         150   8.66448318E-07
         155         150   9.71528607E-07
         156         151   9.33748368E-07
         157         152   8.88617819E-07
         158         153   8.14864904E-07
         159         153   9.33644856E-07
         160         154   8.73880140E-07
         161         155   8.31226259E-07
         162         155   9.41331962E-07
         163         156   8.95312724E-07
         164         157   8.60475097E-07
         165         157   9.59986096E-07
         166         158   8.86702139E-07
         167         158   9.91199840E-07
         168         159   9.39963513E-07
         169         160   8.89590410E-07
         170         161   8.19031015E-07
         171         161   9.34180377E-07
         172         162   8.81885853E-07
         173         162   9.82820325E-07
         174         163   9.26003850E-07
         175         164   8.82880386E-07
         176         164   9.89491127E-07
         177         165   9.22211825E-07
         178         166   8.75532692E-07
         179         167   8.38085043E-07
         180         167   9.24236758E-07
         181         168   8.73086094E-07
         182         168   9.91119464E-07
         183         169   9.19638580E-07
         184         170   8.72543922E-07
         185         170   9.85096221E-07
         186         171   9.06829769E-07
         187         172   8.61010960E-07
         188         172   9.69347980E-07
         189         173   9.14730265E-07
         190         174   8.61513740E-07
         191         174   9.75926014E-07
         192         175   8.93615208E-07
         193         175   9.98364726E-07
         194         176   9.61021783E-07
         195         177   8.86444809E-07
         196         177   9.91223601E-07
         197         178   9.41074518E-07
         198         179   8.93435754E-07
         199         180   8.31803277E-07
         200         180   9.37669199E-07
         201         181   8.79282879E-07
         202         181   9.83720383E-07
         203         182   9.23132461E-07
         204         183   8.69054361E-07
         205         183   9.81160611E-07
         206         184   9.34956574E-07
         207         185   8.74459431E-07
         208         185   9.64291871E-07
         209         186   8.98604355E-07
         210         187   8.64068568E-07
         211         187   9.65958634E-07
         212         188   9.04589911E-07
         213         188   9.96357358E-07
         214         189   9.49104844E-07
         215         190   8.92506023E-07
         216         190   9.78494541E-07
         217         191   9.46875559E-07
         218         192   8.75716182E-07
         219         192   9.65309937E-07
         220         193   9.20740320E-07
         221         194   8.80602443E-07
         222         194   9.69210419E-07
         223         195   9.08487436E-07
         224         195   9.98642577E-07
         225         196   9.53020731E-07
         226         197   8.89952503E-07
         227         197   9.81271569E-07
         228         198   9.49601144E-07
         229         199   8.95486096E-07
         230         199   9.76995466E-07
         231         200   9.19205604E-07
         232         201   8.76432694E-07
         233         201   9.68949507E-07
         234         202   9.05050513E-07
         235         203   8.70347492E-07
         236         203   9.60981083E-07
         237         204   8.99205986E-07
         238         204   9.95010055E-07
         239         205   9.54521965E-07
         240         206   8.96326753E-07
         241         206   9.87504563E-07
         242         207   9.18101080E-07
         243         208   8.75118303E-07
         244         208   9.66435437E-07
         245         209   9.07423725E-07
         246         210   8.55833150E-07
         247         210   9.40015468E-07
         248         211   8.97700829E-07
         249         212   8.47021397E-07
         250         212   9.30472993E-07
         251         213   8.98381529E-07
         252         213   9.85528231E-07
         253         214   9.11698066E-07
         254         215   8.75632509E-07
         255         215   9.62004265E-07
         256         216   9.03495788E-07
         257         217   8.58941860E-07
         258         217   9.40076802E-07
         259         218   8.87483964E-07
         260         218   9.80910841E-07
         261         219   9.32506111E-07
         262         220   8.66740777E-07
         263         220   9.47001467E-07
         264         221   9.10774247E-07
         265         221   9.97535722E-07
         266         222   9.42016982E-07
         267         223   9.06485923E-07
         268         223   9.87522071E-07
         269         224   9.25116694E-07
         270         225   8.77074967E-07
         271         225   9.64228548E-07
         272         226   9.16621843E-07
         273         227   8.64271101E-07
         274         227   9.46776993E-07
         275         228   9.00874966E-07
         276         228   9.80371397E-07
         277         229   9.36078379E-07
         278         230   8.84028339E-07
         279         230   9.73366468E-07
         280         231   9.15781015E-07
         281         232   8.54042923E-07
         282         232   9.39061977E-07
         283         233   9.01586645E-07
         284         233   9.80745540E-07
         285         234   9.17947659E-07
         286         235   8.88279317E-07
         287         235   9.67468850E-07
         288         236   9.06278387E-07
         289         236   9.92083983E-07
         290         237   9.28266047E-07
         291         238   8.98111296E-07
         292         238   9.85164434E-07
         293         239   9.22681636E-07
         294         240   8.71381872E-07
         295         240   9.55876317E-07
         296         241   8.99711722E-07
         297         241   9.87851990E-07
         298         242   9.35038372E-07
         299         243   8.89360649E-07
         300         243   9.77271725E-07
         301         244   9.31076613E-07
         302         245   8.64743583E-07
         303         245   9.49001958E-07
         304         246   8.98557175E-07
         305         246   9.89455657E-07
         306         247   9.21457570E-07
         307         248   8.95515370E-07
         308         248   9.75259354E-07
         309         249   9.10904021E-07
         310         249   9.95886239E-07
         311         250   9.44027306E-07
         312         251   9.00849273E-07
         313         251   9.80688469E-07
         314         252   9.20656191E-07
         315         252   9.98608584E-07
         316         253   9.63386810E-07
         317         254   9.06283503E-07
         318         254   9.89945192E-07
         319         255   9.29018597E-07
         320         256   8.72802957E-07
         321         256   9.59167778E-07
         322         257   9.01870578E-07
         323         257   9.92544756E-07
         324         258   9.27459951E-07
         325         259   8.80183734E-07
         326         259   9.70105248E-07
         327         260   9.16824376E-07
         328         260   9.93013259E-07
         329         261   9.48277716E-07
         330         262   9.01728583E-07
         331         262   9.85097358E-07
         332         263   9.25368795E-07
         333         264   8.80358243E-07
         334         264   9.58874239E-07
         335         265   9.01490239E-07
         336         265   9.77499099E-07
         337         266   9.33250305E-07
         338         267   8.82040638E-07
         339         267   9.63599973E-07
         340         268   9.14036320E-07
         341         268   9.88049464E-07
         342         269   9.38708126E-07
         343         270   8.94119182E-07
         344         270   9.72740850E-07
         345         271   9.13423264E-07
         346         271   9.94594870E-07
         347         272   9.58631517E-07
         348         273   9.04348781E-07
         349         273   9.82745746E-07
         350         274   9.22194147E-07
         351         274   9.99424287E-07
         352         275   9.56023200E-07
         353         276   8.99576492E-07
         354         276   9.78503408E-07
         355         277   9.31417446E-07
         356         278   8.88614466E-07
         357         278   9.65662480E-07
         358         279   9.14490727E-07
         359         279   9.84508006E-07
         360         280   9.29277405E-07
         361         281   8.89006003E-07
         362         281   9.70633323E-07
         363         282   9.06084153E-07
         364         282   9.88185434E-07
         365         283   9.40987377E-07
         366         284   8.83474172E-07
         367         284   9.58031706E-07
         368         285   9.23323910E-07
         369         285   9.98602900E-07
         370         286   9.37522600E-07
         371         287   8.95288338E-07
         372         287   9.72398311E-07
         373         288   9.12701580E-07
         374         288   9.84257781E-07
         375         289   9.48148852E-07
         376         290   8.99793974E-07
         377         290   9.68764766E-07
         378         291   9.22348875E-07
         379         291   9.94232551E-07
         380         292   9.45787633E-07
         381         293   9.08655863E-07
         382         293   9.72584871E-07
         383         294   9.23771154E-07
         384         295   8.77447917E-07
         385         295   9.49848697E-07
         386         296   9.08456173E-07
         387         296   9.70897531E-07
         388         297   9.35625337E-07
         389         298   8.85113309E-07
