# CONTADOR                 ERRO
0000000000001              2.641595E+02
0000000000002              2.616627E+02
0000000000003              2.600863E+02
0000000000004              2.591745E+02
0000000000005              2.587455E+02
0000000000006              2.586666E+02
0000000000007              2.588416E+02
0000000000008              2.592009E+02
0000000000009              2.596923E+02
0000000000010              2.602808E+02
0000000000011              2.609426E+02
0000000000012              2.616539E+02
0000000000013              2.624031E+02
0000000000014              2.631804E+02
0000000000015              2.639782E+02
0000000000016              2.647916E+02
0000000000017              2.656196E+02
0000000000018              2.664536E+02
0000000000019              2.672946E+02
0000000000020              2.681410E+02
0000000000021              2.689880E+02
0000000000022              2.698463E+02
0000000000023              2.706998E+02
0000000000024              2.715600E+02
0000000000025              2.724227E+02
0000000000026              2.732875E+02
0000000000027              2.741545E+02
0000000000028              2.750234E+02
0000000000029              2.758942E+02
0000000000030              2.767667E+02
0000000000031              2.776410E+02
0000000000032              2.785170E+02
0000000000033              2.793947E+02
0000000000034              2.802682E+02
0000000000035              2.811493E+02
0000000000036              2.820320E+02
0000000000037              2.829163E+02
0000000000038              2.838021E+02
0000000000039              2.846896E+02
0000000000040              2.855787E+02
0000000000041              2.864623E+02
0000000000042              2.873546E+02
0000000000043              2.882485E+02
0000000000044              2.891439E+02
0000000000045              2.900408E+02
0000000000046              2.909311E+02
0000000000047              2.918313E+02
0000000000048              2.927329E+02
0000000000049              2.936360E+02
0000000000050              2.945407E+02
0000000000051              2.954469E+02
0000000000052              2.963454E+02
0000000000053              2.972547E+02
0000000000054              2.981654E+02
0000000000055              2.990776E+02
0000000000056              2.999810E+02
0000000000057              3.008963E+02
0000000000058              3.018130E+02
0000000000059              3.027311E+02
0000000000060              3.036392E+02
0000000000061              3.045604E+02
0000000000062              3.054829E+02
0000000000063              3.064069E+02
0000000000064              3.073322E+02
0000000000065              3.082466E+02
0000000000066              3.091750E+02
0000000000067              3.101045E+02
0000000000068              3.110354E+02
0000000000069              3.119544E+02
0000000000070              3.128883E+02
0000000000071              3.138234E+02
0000000000072              3.147598E+02
0000000000073              3.156833E+02
0000000000074              3.166226E+02
0000000000075              3.175632E+02
0000000000076              3.185049E+02
0000000000077              3.194327E+02
0000000000078              3.203773E+02
0000000000079              3.213231E+02
0000000000080              3.222700E+02
0000000000081              3.232020E+02
0000000000082              3.241518E+02
0000000000083              3.251026E+02
0000000000084              3.260371E+02
0000000000085              3.269907E+02
0000000000086              3.279454E+02
0000000000087              3.289011E+02
0000000000088              3.298397E+02
0000000000089              3.307981E+02
0000000000090              3.317576E+02
0000000000091              3.327180E+02
0000000000092              3.336605E+02
0000000000093              3.346235E+02
0000000000094              3.355876E+02
0000000000095              3.365321E+02
0000000000096              3.374987E+02
0000000000097              3.384662E+02
0000000000098              3.394129E+02
0000000000099              3.403830E+02
0000000000100              3.413538E+02
0000000000101              3.423255E+02
0000000000102              3.432758E+02
0000000000103              3.442500E+02
0000000000104              3.452249E+02
0000000000105              3.461771E+02
0000000000106              3.471544E+02
0000000000107              3.481325E+02
0000000000108              3.490863E+02
0000000000109              3.500668E+02
0000000000110              3.510479E+02
0000000000111              3.520296E+02
0000000000112              3.529867E+02
0000000000113              3.539707E+02
0000000000114              3.549553E+02
0000000000115              3.559139E+02
0000000000116              3.569008E+02
0000000000117              3.578881E+02
0000000000118              3.588480E+02
0000000000119              3.598376E+02
0000000000120              3.608275E+02
0000000000121              3.618180E+02
0000000000122              3.627808E+02
0000000000123              3.637733E+02
0000000000124              3.647662E+02
0000000000125              3.657302E+02
0000000000126              3.667251E+02
0000000000127              3.677203E+02
0000000000128              3.686852E+02
0000000000129              3.696825E+02
0000000000130              3.706799E+02
0000000000131              3.716456E+02
0000000000132              3.726450E+02
0000000000133              3.736444E+02
0000000000134              3.746110E+02
0000000000135              3.756123E+02
0000000000136              3.766137E+02
0000000000137              3.775809E+02
0000000000138              3.785840E+02
0000000000139              3.795873E+02
0000000000140              3.805548E+02
0000000000141              3.815597E+02
0000000000142              3.825646E+02
0000000000143              3.835326E+02
0000000000144              3.845391E+02
0000000000145              3.855455E+02
0000000000146              3.865136E+02
0000000000147              3.875216E+02
0000000000148              3.885294E+02
0000000000149              3.894976E+02
0000000000150              3.905068E+02
0000000000151              3.915158E+02
0000000000152              3.924839E+02
0000000000153              3.934943E+02
0000000000154              3.945044E+02
0000000000155              3.954723E+02
0000000000156              3.964836E+02
0000000000157              3.974945E+02
0000000000158              3.984622E+02
0000000000159              3.994744E+02
0000000000160              4.004860E+02
0000000000161              4.014532E+02
0000000000162              4.024659E+02
0000000000163              4.034781E+02
0000000000164              4.044448E+02
0000000000165              4.054580E+02
0000000000166              4.064706E+02
0000000000167              4.074365E+02
0000000000168              4.084500E+02
0000000000169              4.094627E+02
0000000000170              4.104279E+02
0000000000171              4.114415E+02
0000000000172              4.124543E+02
0000000000173              4.134185E+02
0000000000174              4.144320E+02
0000000000175              4.153934E+02
0000000000176              4.164076E+02
0000000000177              4.174209E+02
0000000000178              4.183811E+02
0000000000179              4.193949E+02
0000000000180              4.204078E+02
0000000000181              4.213665E+02
0000000000182              4.223799E+02
0000000000183              4.233922E+02
0000000000184              4.243493E+02
0000000000185              4.253619E+02
0000000000186              4.263158E+02
0000000000187              4.273289E+02
0000000000188              4.283405E+02
0000000000189              4.292927E+02
0000000000190              4.303046E+02
0000000000191              4.313152E+02
0000000000192              4.322654E+02
0000000000193              4.332760E+02
0000000000194              4.342853E+02
0000000000195              4.352332E+02
0000000000196              4.362426E+02
0000000000197              4.372504E+02
0000000000198              4.381960E+02
0000000000199              4.392037E+02
0000000000200              4.401455E+02
0000000000201              4.411531E+02
0000000000202              4.421589E+02
0000000000203              4.430981E+02
0000000000204              4.441037E+02
0000000000205              4.451075E+02
0000000000206              4.460439E+02
0000000000207              4.470474E+02
0000000000208              4.480490E+02
0000000000209              4.489826E+02
0000000000210              4.499837E+02
0000000000211              4.509127E+02
0000000000212              4.519132E+02
0000000000213              4.529118E+02
0000000000214              4.538376E+02
0000000000215              4.548356E+02
0000000000216              4.558313E+02
0000000000217              4.567538E+02
0000000000218              4.577487E+02
0000000000219              4.587415E+02
0000000000220              4.596605E+02
0000000000221              4.606524E+02
0000000000222              4.615663E+02
0000000000223              4.625572E+02
0000000000224              4.635456E+02
0000000000225              4.644558E+02
0000000000226              4.654431E+02
0000000000227              4.664281E+02
0000000000228              4.673342E+02
0000000000229              4.683179E+02
0000000000230              4.692991E+02
0000000000231              4.702010E+02
0000000000232              4.711807E+02
0000000000233              4.720772E+02
0000000000234              4.730554E+02
0000000000235              4.740311E+02
0000000000236              4.749231E+02
0000000000237              4.758971E+02
0000000000238              4.767833E+02
0000000000239              4.777556E+02
0000000000240              4.787252E+02
0000000000241              4.796067E+02
0000000000242              4.805743E+02
0000000000243              4.815391E+02
0000000000244              4.824156E+02
0000000000245              4.833784E+02
0000000000246              4.843382E+02
0000000000247              4.852096E+02
0000000000248              4.861673E+02
0000000000249              4.871219E+02
0000000000250              4.879879E+02
0000000000251              4.889403E+02
0000000000252              4.898000E+02
0000000000253              4.907500E+02
0000000000254              4.916967E+02
0000000000255              4.925509E+02
0000000000256              4.934952E+02
0000000000257              4.943426E+02
0000000000258              4.952844E+02
0000000000259              4.962228E+02
0000000000260              4.970643E+02
0000000000261              4.980000E+02
0000000000262              4.989323E+02
0000000000263              4.997676E+02
0000000000264              5.006971E+02
0000000000265              5.016228E+02
0000000000266              5.024518E+02
0000000000267              5.033747E+02
0000000000268              5.041964E+02
0000000000269              5.051164E+02
0000000000270              5.060325E+02
0000000000271              5.068477E+02
0000000000272              5.077606E+02
0000000000273              5.085684E+02
0000000000274              5.094781E+02
0000000000275              5.103839E+02
0000000000276              5.111847E+02
0000000000277              5.120871E+02
0000000000278              5.129854E+02
0000000000279              5.137792E+02
0000000000280              5.146740E+02
0000000000281              5.154599E+02
0000000000282              5.163511E+02
0000000000283              5.172381E+02
0000000000284              5.180166E+02
0000000000285              5.188999E+02
0000000000286              5.197788E+02
0000000000287              5.205496E+02
0000000000288              5.214247E+02
0000000000289              5.221876E+02
0000000000290              5.230588E+02
0000000000291              5.239254E+02
0000000000292              5.246801E+02
0000000000293              5.255427E+02
0000000000294              5.264006E+02
0000000000295              5.271475E+02
0000000000296              5.280012E+02
0000000000297              5.287393E+02
0000000000298              5.295887E+02
0000000000299              5.304333E+02
0000000000300              5.311632E+02
0000000000301              5.320033E+02
0000000000302              5.328387E+02
0000000000303              5.335598E+02
0000000000304              5.343906E+02
0000000000305              5.351030E+02
0000000000306              5.359291E+02
0000000000307              5.367502E+02
0000000000308              5.374536E+02
0000000000309              5.382699E+02
0000000000310              5.390811E+02
0000000000311              5.397755E+02
0000000000312              5.405816E+02
0000000000313              5.412669E+02
0000000000314              5.420679E+02
0000000000315              5.428638E+02
0000000000316              5.435397E+02
0000000000317              5.443304E+02
0000000000318              5.451157E+02
0000000000319              5.457822E+02
0000000000320              5.465621E+02
0000000000321              5.472189E+02
0000000000322              5.479935E+02
0000000000323              5.487626E+02
0000000000324              5.494095E+02
0000000000325              5.501729E+02
0000000000326              5.508101E+02
0000000000327              5.515681E+02
0000000000328              5.523203E+02
0000000000329              5.529473E+02
0000000000330              5.536939E+02
0000000000331              5.543108E+02
0000000000332              5.550516E+02
0000000000333              5.557864E+02
0000000000334              5.563930E+02
0000000000335              5.571218E+02
0000000000336              5.578449E+02
0000000000337              5.584411E+02
0000000000338              5.591579E+02
0000000000339              5.597438E+02
0000000000340              5.604543E+02
0000000000341              5.611592E+02
0000000000342              5.617341E+02
0000000000343              5.624326E+02
0000000000344              5.631248E+02
0000000000345              5.636888E+02
0000000000346              5.643746E+02
0000000000347              5.649280E+02
0000000000348              5.656073E+02
0000000000349              5.662806E+02
0000000000350              5.668226E+02
0000000000351              5.674890E+02
0000000000352              5.681492E+02
0000000000353              5.686800E+02
0000000000354              5.693333E+02
0000000000355              5.698533E+02
0000000000356              5.704996E+02
0000000000357              5.711397E+02
0000000000358              5.716481E+02
0000000000359              5.722809E+02
0000000000360              5.729075E+02
0000000000361              5.734041E+02
0000000000362              5.740234E+02
0000000000363              5.745089E+02
0000000000364              5.751210E+02
0000000000365              5.757267E+02
0000000000366              5.762000E+02
0000000000367              5.767982E+02
0000000000368              5.773898E+02
0000000000369              5.778511E+02
0000000000370              5.784353E+02
0000000000371              5.788850E+02
0000000000372              5.794618E+02
0000000000373              5.800316E+02
0000000000374              5.804691E+02
0000000000375              5.810312E+02
0000000000376              5.815868E+02
0000000000377              5.820116E+02
0000000000378              5.825594E+02
0000000000379              5.829726E+02
0000000000380              5.835123E+02
0000000000381              5.840453E+02
0000000000382              5.844459E+02
0000000000383              5.849709E+02
0000000000384              5.854890E+02
0000000000385              5.858766E+02
0000000000386              5.863866E+02
0000000000387              5.867625E+02
0000000000388              5.872642E+02
0000000000389              5.877592E+02
0000000000390              5.881218E+02
0000000000391              5.886083E+02
0000000000392              5.890880E+02
0000000000393              5.894374E+02
0000000000394              5.899088E+02
0000000000395              5.902463E+02
0000000000396              5.907090E+02
0000000000397              5.911648E+02
0000000000398              5.914889E+02
0000000000399              5.919360E+02
0000000000400              5.923762E+02
0000000000401              5.926868E+02
0000000000402              5.931182E+02
0000000000403              5.934163E+02
0000000000404              5.938392E+02
0000000000405              5.942548E+02
0000000000406              5.945395E+02
0000000000407              5.949463E+02
0000000000408              5.953458E+02
0000000000409              5.956166E+02
0000000000410              5.960073E+02
0000000000411              5.962661E+02
0000000000412              5.966479E+02
0000000000413              5.970222E+02
0000000000414              5.972669E+02
0000000000415              5.976323E+02
0000000000416              5.979905E+02
0000000000417              5.982212E+02
0000000000418              5.985701E+02
0000000000419              5.987885E+02
0000000000420              5.991282E+02
0000000000421              5.994609E+02
0000000000422              5.996650E+02
0000000000423              5.999882E+02
0000000000424              6.003042E+02
0000000000425              6.004941E+02
0000000000426              6.008007E+02
0000000000427              6.009781E+02
0000000000428              6.012755E+02
0000000000429              6.015652E+02
0000000000430              6.017285E+02
0000000000431              6.020089E+02
0000000000432              6.022818E+02
0000000000433              6.024305E+02
0000000000434              6.026940E+02
0000000000435              6.028301E+02
0000000000436              6.030842E+02
0000000000437              6.033306E+02
0000000000438              6.034523E+02
0000000000439              6.036893E+02
0000000000440              6.037985E+02
0000000000441              6.040257E+02
0000000000442              6.042456E+02
0000000000443              6.043400E+02
0000000000444              6.045503E+02
0000000000445              6.047530E+02
0000000000446              6.048329E+02
0000000000447              6.050256E+02
0000000000448              6.050930E+02
0000000000449              6.052762E+02
0000000000450              6.054518E+02
0000000000451              6.055045E+02
0000000000452              6.056703E+02
0000000000453              6.058289E+02
0000000000454              6.058665E+02
0000000000455              6.060152E+02
0000000000456              6.060405E+02
0000000000457              6.061793E+02
0000000000458              6.063104E+02
0000000000459              6.063208E+02
0000000000460              6.064422E+02
0000000000461              6.065561E+02
0000000000462              6.065516E+02
0000000000463              6.066554E+02
0000000000464              6.066384E+02
0000000000465              6.067324E+02
0000000000466              6.068188E+02
0000000000467              6.067870E+02
0000000000468              6.068636E+02
0000000000469              6.069326E+02
0000000000470              6.068858E+02
0000000000471              6.069448E+02
0000000000472              6.068857E+02
0000000000473              6.069347E+02
0000000000474              6.069761E+02
0000000000475              6.069022E+02
0000000000476              6.069336E+02
0000000000477              6.068473E+02
0000000000478              6.068688E+02
0000000000479              6.068828E+02
0000000000480              6.067815E+02
0000000000481              6.067855E+02
0000000000482              6.067821E+02
0000000000483              6.066659E+02
0000000000484              6.066524E+02
0000000000485              6.065239E+02
0000000000486              6.065004E+02
0000000000487              6.064695E+02
0000000000488              6.063262E+02
0000000000489              6.062854E+02
0000000000490              6.062371E+02
0000000000491              6.060789E+02
0000000000492              6.060206E+02
0000000000493              6.058502E+02
0000000000494              6.057820E+02
0000000000495              6.057063E+02
0000000000496              6.055212E+02
0000000000497              6.054356E+02
0000000000498              6.052383E+02
0000000000499              6.051428E+02
0000000000500              6.050398E+02
0000000000501              6.048278E+02
0000000000502              6.047150E+02
0000000000503              6.045948E+02
0000000000504              6.043682E+02
0000000000505              6.042382E+02
0000000000506              6.039996E+02
0000000000507              6.038596E+02
0000000000508              6.037124E+02
0000000000509              6.034592E+02
0000000000510              6.033021E+02
0000000000511              6.030371E+02
0000000000512              6.028701E+02
0000000000513              6.026960E+02
0000000000514              6.024165E+02
0000000000515              6.022325E+02
0000000000516              6.020414E+02
0000000000517              6.017475E+02
0000000000518              6.015466E+02
0000000000519              6.012409E+02
0000000000520              6.010302E+02
0000000000521              6.008124E+02
0000000000522              6.004927E+02
0000000000523              6.002652E+02
0000000000524              5.999338E+02
0000000000525              5.996965E+02
0000000000526              5.994522E+02
0000000000527              5.991067E+02
0000000000528              5.988528E+02
0000000000529              5.985920E+02
0000000000530              5.982324E+02
0000000000531              5.979620E+02
0000000000532              5.975910E+02
0000000000533              5.973111E+02
0000000000534              5.970243E+02
0000000000535              5.966395E+02
0000000000536              5.963430E+02
0000000000537              5.959471E+02
0000000000538              5.956412E+02
0000000000539              5.953284E+02
0000000000540              5.949188E+02
0000000000541              5.945966E+02
0000000000542              5.941761E+02
0000000000543              5.938445E+02
0000000000544              5.935062E+02
0000000000545              5.930721E+02
0000000000546              5.927245E+02
0000000000547              5.923703E+02
0000000000548              5.919226E+02
0000000000549              5.915592E+02
0000000000550              5.911008E+02
0000000000551              5.907283E+02
0000000000552              5.903491E+02
0000000000553              5.898774E+02
0000000000554              5.894891E+02
0000000000555              5.890070E+02
0000000000556              5.886096E+02
0000000000557              5.882057E+02
0000000000558              5.877106E+02
0000000000559              5.872977E+02
0000000000560              5.867922E+02
0000000000561              5.863704E+02
0000000000562              5.859423E+02
0000000000563              5.854240E+02
0000000000564              5.849870E+02
0000000000565              5.845438E+02
0000000000566              5.840128E+02
0000000000567              5.835606E+02
0000000000568              5.830197E+02
0000000000569              5.825588E+02
0000000000570              5.820919E+02
0000000000571              5.815384E+02
0000000000572              5.810628E+02
0000000000573              5.804995E+02
0000000000574              5.800153E+02
0000000000575              5.795251E+02
0000000000576              5.789496E+02
0000000000577              5.784510E+02
0000000000578              5.778658E+02
0000000000579              5.773588E+02
0000000000580              5.768457E+02
0000000000581              5.762487E+02
0000000000582              5.757272E+02
0000000000583              5.751207E+02
0000000000584              5.745912E+02
0000000000585              5.740558E+02
0000000000586              5.734376E+02
0000000000587              5.728940E+02
0000000000588              5.722667E+02
0000000000589              5.717151E+02
0000000000590              5.711577E+02
0000000000591              5.705190E+02
0000000000592              5.699537E+02
0000000000593              5.693058E+02
0000000000594              5.687327E+02
0000000000595              5.681540E+02
0000000000596              5.674952E+02
0000000000597              5.669086E+02
0000000000598              5.662408E+02
0000000000599              5.656467E+02
0000000000600              5.650468E+02
0000000000601              5.643683E+02
0000000000602              5.637610E+02
0000000000603              5.630741E+02
0000000000604              5.624593E+02
0000000000605              5.618391E+02
0000000000606              5.611416E+02
0000000000607              5.605139E+02
0000000000608              5.598080E+02
0000000000609              5.591732E+02
0000000000610              5.585331E+02
0000000000611              5.578170E+02
0000000000612              5.571697E+02
0000000000613              5.564455E+02
0000000000614              5.557911E+02
0000000000615              5.551318E+02
0000000000616              5.543976E+02
0000000000617              5.537310E+02
0000000000618              5.529892E+02
0000000000619              5.523157E+02
0000000000620              5.516375E+02
0000000000621              5.508860E+02
0000000000622              5.502009E+02
0000000000623              5.494416E+02
0000000000624              5.487498E+02
0000000000625              5.480532E+02
0000000000626              5.472849E+02
0000000000627              5.465817E+02
0000000000628              5.458058E+02
0000000000629              5.450962E+02
0000000000630              5.443817E+02
0000000000631              5.435969E+02
0000000000632              5.428762E+02
0000000000633              5.420845E+02
0000000000634              5.413574E+02
0000000000635              5.406257E+02
0000000000636              5.398253E+02
0000000000637              5.390876E+02
0000000000638              5.382803E+02
0000000000639              5.375365E+02
0000000000640              5.367881E+02
0000000000641              5.359725E+02
0000000000642              5.352183E+02
0000000000643              5.343961E+02
0000000000644              5.336361E+02
0000000000645              5.328718E+02
0000000000646              5.320416E+02
0000000000647              5.312716E+02
0000000000648              5.304351E+02
0000000000649              5.296594E+02
0000000000650              5.288796E+02
0000000000651              5.280355E+02
0000000000652              5.272503E+02
0000000000653              5.264000E+02
0000000000654              5.256094E+02
0000000000655              5.248149E+02
0000000000656              5.239571E+02
0000000000657              5.231573E+02
0000000000658              5.222939E+02
0000000000659              5.214888E+02
0000000000660              5.206799E+02
0000000000661              5.198094E+02
0000000000662              5.189955E+02
0000000000663              5.181196E+02
0000000000664              5.173006E+02
0000000000665              5.164780E+02
0000000000666              5.155953E+02
0000000000667              5.147678E+02
0000000000668              5.138798E+02
0000000000669              5.130477E+02
0000000000670              5.121544E+02
0000000000671              5.113177E+02
0000000000672              5.104774E+02
0000000000673              5.095779E+02
0000000000674              5.087332E+02
0000000000675              5.078287E+02
0000000000676              5.069796E+02
0000000000677              5.061271E+02
0000000000678              5.052168E+02
0000000000679              5.043600E+02
0000000000680              5.034450E+02
0000000000681              5.025840E+02
0000000000682              5.017197E+02
0000000000683              5.007993E+02
0000000000684              4.999310E+02
0000000000685              4.990060E+02
0000000000686              4.981338E+02
0000000000687              4.972585E+02
0000000000688              4.963284E+02
0000000000689              4.954492E+02
0000000000690              4.945149E+02
0000000000691              4.936321E+02
0000000000692              4.927462E+02
0000000000693              4.918072E+02
0000000000694              4.909177E+02
0000000000695              4.899745E+02
0000000000696              4.890816E+02
0000000000697              4.881346E+02
0000000000698              4.872383E+02
0000000000699              4.863392E+02
0000000000700              4.853879E+02
0000000000701              4.844855E+02
0000000000702              4.835305E+02
0000000000703              4.826251E+02
0000000000704              4.817168E+02
0000000000705              4.807578E+02
0000000000706              4.798466E+02
0000000000707              4.788841E+02
0000000000708              4.779699E+02
0000000000709              4.770532E+02
0000000000710              4.760872E+02
0000000000711              4.751676E+02
0000000000712              4.741984E+02
0000000000713              4.732761E+02
0000000000714              4.723038E+02
0000000000715              4.713789E+02
0000000000716              4.704517E+02
0000000000717              4.694761E+02
0000000000718              4.685464E+02
0000000000719              4.675680E+02
0000000000720              4.666359E+02
0000000000721              4.657014E+02
0000000000722              4.647202E+02
0000000000723              4.637835E+02
0000000000724              4.627997E+02
0000000000725              4.618608E+02
0000000000726              4.609197E+02
0000000000727              4.599334E+02
0000000000728              4.589904E+02
0000000000729              4.580016E+02
0000000000730              4.570565E+02
0000000000731              4.560654E+02
0000000000732              4.551185E+02
0000000000733              4.541696E+02
0000000000734              4.531764E+02
0000000000735              4.522258E+02
0000000000736              4.512306E+02
0000000000737              4.502782E+02
0000000000738              4.493241E+02
0000000000739              4.483270E+02
0000000000740              4.473713E+02
0000000000741              4.463723E+02
0000000000742              4.454152E+02
0000000000743              4.444145E+02
0000000000744              4.434559E+02
0000000000745              4.424956E+02
0000000000746              4.414936E+02
0000000000747              4.405321E+02
0000000000748              4.395285E+02
0000000000749              4.385658E+02
0000000000750              4.376016E+02
0000000000751              4.365969E+02
0000000000752              4.356317E+02
0000000000753              4.346256E+02
0000000000754              4.336594E+02
0000000000755              4.326521E+02
0000000000756              4.316849E+02
0000000000757              4.307164E+02
0000000000758              4.297085E+02
0000000000759              4.287391E+02
0000000000760              4.277301E+02
0000000000761              4.267600E+02
0000000000762              4.257888E+02
0000000000763              4.247794E+02
0000000000764              4.238075E+02
0000000000765              4.227973E+02
0000000000766              4.218248E+02
0000000000767              4.208138E+02
0000000000768              4.198409E+02
0000000000769              4.188669E+02
0000000000770              4.178560E+02
0000000000771              4.168816E+02
0000000000772              4.158701E+02
0000000000773              4.148955E+02
0000000000774              4.138835E+02
0000000000775              4.129086E+02
0000000000776              4.119329E+02
0000000000777              4.109213E+02
0000000000778              4.099454E+02
0000000000779              4.089335E+02
0000000000780              4.079577E+02
0000000000781              4.069810E+02
0000000000782              4.059697E+02
0000000000783              4.049930E+02
0000000000784              4.039817E+02
0000000000785              4.030052E+02
0000000000786              4.019938E+02
0000000000787              4.010175E+02
0000000000788              4.000406E+02
0000000000789              3.990302E+02
0000000000790              3.980536E+02
0000000000791              3.970434E+02
0000000000792              3.960671E+02
0000000000793              3.950905E+02
0000000000794              3.940813E+02
0000000000795              3.931051E+02
0000000000796              3.920963E+02
0000000000797              3.911206E+02
0000000000798              3.901123E+02
0000000000799              3.891372E+02
0000000000800              3.881618E+02
0000000000801              3.871549E+02
0000000000802              3.861801E+02
0000000000803              3.851739E+02
0000000000804              3.841999E+02
0000000000805              3.831943E+02
0000000000806              3.822211E+02
0000000000807              3.812476E+02
0000000000808              3.802438E+02
0000000000809              3.792713E+02
0000000000810              3.782684E+02
0000000000811              3.772968E+02
0000000000812              3.762947E+02
0000000000813              3.753243E+02
0000000000814              3.743536E+02
0000000000815              3.733537E+02
0000000000816              3.723841E+02
0000000000817              3.713853E+02
0000000000818              3.704169E+02
0000000000819              3.694485E+02
0000000000820              3.684520E+02
0000000000821              3.674848E+02
0000000000822              3.664894E+02
0000000000823              3.655237E+02
0000000000824              3.645295E+02
0000000000825              3.635651E+02
0000000000826              3.626008E+02
0000000000827              3.616094E+02
0000000000828              3.606464E+02
0000000000829              3.596563E+02
0000000000830              3.586949E+02
0000000000831              3.577062E+02
0000000000832              3.567464E+02
0000000000833              3.557868E+02
0000000000834              3.548011E+02
0000000000835              3.538430E+02
0000000000836              3.528588E+02
0000000000837              3.519026E+02
0000000000838              3.509200E+02
0000000000839              3.499655E+02
0000000000840              3.490113E+02
0000000000841              3.480318E+02
0000000000842              3.470795E+02
0000000000843              3.461017E+02
0000000000844              3.451513E+02
0000000000845              3.441754E+02
0000000000846              3.432268E+02
0000000000847              3.422785E+02
0000000000848              3.413061E+02
0000000000849              3.403599E+02
0000000000850              3.393893E+02
0000000000851              3.384451E+02
0000000000852              3.374765E+02
0000000000853              3.365344E+02
0000000000854              3.355928E+02
0000000000855              3.346278E+02
0000000000856              3.336884E+02
0000000000857              3.327255E+02
0000000000858              3.317882E+02
0000000000859              3.308275E+02
0000000000860              3.298924E+02
0000000000861              3.289579E+02
0000000000862              3.280010E+02
0000000000863              3.270688E+02
0000000000864              3.261142E+02
0000000000865              3.251844E+02
0000000000866              3.242320E+02
0000000000867              3.233045E+02
0000000000868              3.223777E+02
0000000000869              3.214294E+02
0000000000870              3.205050E+02
0000000000871              3.195591E+02
0000000000872              3.186372E+02
0000000000873              3.176937E+02
0000000000874              3.167743E+02
0000000000875              3.158557E+02
0000000000876              3.149164E+02
0000000000877              3.140003E+02
0000000000878              3.130635E+02
0000000000879              3.121501E+02
0000000000880              3.112159E+02
0000000000881              3.103050E+02
0000000000882              3.093951E+02
0000000000883              3.084652E+02
0000000000884              3.075579E+02
0000000000885              3.066308E+02
0000000000886              3.057262E+02
0000000000887              3.048017E+02
0000000000888              3.038998E+02
0000000000889              3.029989E+02
0000000000890              3.020790E+02
0000000000891              3.011809E+02
0000000000892              3.002638E+02
0000000000893              2.993685E+02
0000000000894              2.984541E+02
0000000000895              2.975616E+02
0000000000896              2.966702E+02
0000000000897              2.957606E+02
0000000000898              2.948720E+02
0000000000899              2.939652E+02
0000000000900              2.930797E+02
0000000000901              2.921758E+02
0000000000902              2.912932E+02
0000000000903              2.904116E+02
0000000000904              2.895125E+02
0000000000905              2.886339E+02
0000000000906              2.877379E+02
0000000000907              2.868624E+02
0000000000908              2.859693E+02
0000000000909              2.850967E+02
0000000000910              2.842253E+02
0000000000911              2.833373E+02
0000000000912              2.824690E+02
0000000000913              2.815840E+02
0000000000914              2.807188E+02
0000000000915              2.798369E+02
0000000000916              2.789749E+02
0000000000917              2.781140E+02
0000000000918              2.772372E+02
0000000000919              2.763794E+02
0000000000920              2.755058E+02
0000000000921              2.746512E+02
0000000000922              2.737808E+02
0000000000923              2.729295E+02
0000000000924              2.720794E+02
0000000000925              2.712142E+02
0000000000926              2.703673E+02
0000000000927              2.695053E+02
0000000000928              2.686617E+02
0000000000929              2.678029E+02
0000000000930              2.669626E+02
0000000000931              2.661236E+02
0000000000932              2.652701E+02
0000000000933              2.644344E+02
0000000000934              2.635842E+02
0000000000935              2.627518E+02
0000000000936              2.619049E+02
0000000000937              2.610759E+02
0000000000938              2.602324E+02
0000000000939              2.594067E+02
0000000000940              2.585824E+02
0000000000941              2.577442E+02
0000000000942              2.569232E+02
0000000000943              2.560885E+02
0000000000944              2.552710E+02
0000000000945              2.544395E+02
0000000000946              2.536254E+02
0000000000947              2.528127E+02
0000000000948              2.519868E+02
0000000000949              2.511775E+02
0000000000950              2.503550E+02
0000000000951              2.495491E+02
0000000000952              2.487301E+02
0000000000953              2.479277E+02
0000000000954              2.471267E+02
0000000000955              2.463132E+02
0000000000956              2.455157E+02
0000000000957              2.447056E+02
0000000000958              2.439117E+02
0000000000959              2.431051E+02
0000000000960              2.423146E+02
0000000000961              2.415115E+02
0000000000962              2.407246E+02
0000000000963              2.399390E+02
0000000000964              2.391416E+02
0000000000965              2.383596E+02
0000000000966              2.375657E+02
0000000000967              2.367872E+02
0000000000968              2.359969E+02
0000000000969              2.352220E+02
0000000000970              2.344485E+02
0000000000971              2.336638E+02
0000000000972              2.328939E+02
0000000000973              2.321128E+02
0000000000974              2.313465E+02
0000000000975              2.305689E+02
0000000000976              2.298062E+02
0000000000977              2.290450E+02
0000000000978              2.282730E+02
0000000000979              2.275154E+02
0000000000980              2.267471E+02
0000000000981              2.259931E+02
0000000000982              2.252283E+02
0000000000983              2.244779E+02
0000000000984              2.237168E+02
0000000000985              2.229700E+02
0000000000986              2.222247E+02
0000000000987              2.214692E+02
0000000000988              2.207276E+02
0000000000989              2.199757E+02
0000000000990              2.192377E+02
0000000000991              2.184895E+02
0000000000992              2.177551E+02
0000000000993              2.170222E+02
0000000000994              2.162797E+02
0000000000995              2.155505E+02
0000000000996              2.148116E+02
0000000000997              2.140860E+02
0000000000998              2.133508E+02
0000000000999              2.126288E+02
0000000001000              2.118972E+02
0000000001001              2.111789E+02
0000000001002              2.104621E+02
0000000001003              2.097362E+02
0000000001004              2.090231E+02
0000000001005              2.083008E+02
0000000001006              2.075914E+02
0000000001007              2.068728E+02
0000000001008              2.061670E+02
0000000001009              2.054628E+02
0000000001010              2.047498E+02
0000000001011              2.040493E+02
0000000001012              2.033399E+02
0000000001013              2.026430E+02
0000000001014              2.019374E+02
0000000001015              2.012441E+02
0000000001016              2.005421E+02
0000000001017              1.998525E+02
0000000001018              1.991644E+02
0000000001019              1.984681E+02
0000000001020              1.977838E+02
0000000001021              1.970911E+02
0000000001022              1.964103E+02
0000000001023              1.957213E+02
0000000001024              1.950442E+02
0000000001025              1.943687E+02
0000000001026              1.936853E+02
0000000001027              1.930134E+02
0000000001028              1.923338E+02
0000000001029              1.916655E+02
0000000001030              1.909894E+02
0000000001031              1.903248E+02
0000000001032              1.896524E+02
0000000001033              1.889914E+02
0000000001034              1.883320E+02
0000000001035              1.876652E+02
0000000001036              1.870095E+02
0000000001037              1.863463E+02
0000000001038              1.856942E+02
0000000001039              1.850347E+02
0000000001040              1.843861E+02
0000000001041              1.837302E+02
0000000001042              1.830853E+02
0000000001043              1.824420E+02
0000000001044              1.817917E+02
0000000001045              1.811520E+02
0000000001046              1.805053E+02
0000000001047              1.798691E+02
0000000001048              1.792261E+02
0000000001049              1.785935E+02
0000000001050              1.779626E+02
0000000001051              1.773251E+02
0000000001052              1.766977E+02
0000000001053              1.760638E+02
0000000001054              1.754401E+02
0000000001055              1.748098E+02
0000000001056              1.741895E+02
0000000001057              1.735628E+02
0000000001058              1.729462E+02
0000000001059              1.723312E+02
0000000001060              1.717099E+02
0000000001061              1.710985E+02
0000000001062              1.704808E+02
0000000001063              1.698729E+02
0000000001064              1.692587E+02
0000000001065              1.686544E+02
0000000001066              1.680438E+02
0000000001067              1.674430E+02
0000000001068              1.668437E+02
0000000001069              1.662386E+02
0000000001070              1.656429E+02
0000000001071              1.650413E+02
0000000001072              1.644491E+02
0000000001073              1.638510E+02
0000000001074              1.632624E+02
0000000001075              1.626752E+02
0000000001076              1.620826E+02
0000000001077              1.614990E+02
0000000001078              1.609098E+02
0000000001079              1.603297E+02
0000000001080              1.597440E+02
0000000001081              1.591674E+02
0000000001082              1.585852E+02
0000000001083              1.580120E+02
0000000001084              1.574404E+02
0000000001085              1.568636E+02
0000000001086              1.562954E+02
0000000001087              1.557221E+02
0000000001088              1.551574E+02
0000000001089              1.545874E+02
0000000001090              1.540262E+02
0000000001091              1.534597E+02
0000000001092              1.529018E+02
0000000001093              1.523455E+02
0000000001094              1.517843E+02
0000000001095              1.512314E+02
0000000001096              1.506737E+02
0000000001097              1.501242E+02
0000000001098              1.495698E+02
0000000001099              1.490237E+02
0000000001100              1.484727E+02
0000000001101              1.479300E+02
0000000001102              1.473888E+02
0000000001103              1.468430E+02
0000000001104              1.463052E+02
0000000001105              1.457628E+02
0000000001106              1.452283E+02
0000000001107              1.446892E+02
0000000001108              1.441581E+02
0000000001109              1.436224E+02
0000000001110              1.430946E+02
0000000001111              1.425683E+02
0000000001112              1.420378E+02
0000000001113              1.415148E+02
0000000001114              1.409875E+02
0000000001115              1.404679E+02
0000000001116              1.399439E+02
0000000001117              1.394275E+02
0000000001118              1.389126E+02
0000000001119              1.383938E+02
0000000001120              1.378822E+02
0000000001121              1.373665E+02
0000000001122              1.368582E+02
0000000001123              1.363458E+02
0000000001124              1.358408E+02
0000000001125              1.353316E+02
0000000001126              1.348298E+02
0000000001127              1.343295E+02
0000000001128              1.338253E+02
0000000001129              1.333282E+02
0000000001130              1.328272E+02
0000000001131              1.323333E+02
0000000001132              1.318356E+02
0000000001133              1.313448E+02
0000000001134              1.308503E+02
0000000001135              1.303628E+02
0000000001136              1.298767E+02
0000000001137              1.293870E+02
0000000001138              1.289041E+02
0000000001139              1.284176E+02
0000000001140              1.279379E+02
0000000001141              1.274545E+02
0000000001142              1.269779E+02
0000000001143              1.264977E+02
0000000001144              1.260242E+02
0000000001145              1.255522E+02
0000000001146              1.250767E+02
0000000001147              1.246078E+02
0000000001148              1.241355E+02
0000000001149              1.236696E+02
0000000001150              1.232004E+02
0000000001151              1.227376E+02
0000000001152              1.222715E+02
0000000001153              1.218118E+02
0000000001154              1.213535E+02
0000000001155              1.208920E+02
0000000001156              1.204368E+02
0000000001157              1.199784E+02
0000000001158              1.195262E+02
0000000001159              1.190708E+02
0000000001160              1.186216E+02
0000000001161              1.181693E+02
0000000001162              1.177231E+02
0000000001163              1.172783E+02
0000000001164              1.168305E+02
0000000001165              1.163887E+02
0000000001166              1.159440E+02
0000000001167              1.155051E+02
0000000001168              1.150633E+02
0000000001169              1.146275E+02
0000000001170              1.141886E+02
0000000001171              1.137557E+02
0000000001172              1.133241E+02
0000000001173              1.128898E+02
0000000001174              1.124612E+02
0000000001175              1.120298E+02
0000000001176              1.116040E+02
0000000001177              1.111755E+02
0000000001178              1.107527E+02
0000000001179              1.103271E+02
0000000001180              1.099072E+02
0000000001181              1.094885E+02
0000000001182              1.090674E+02
0000000001183              1.086516E+02
0000000001184              1.082333E+02
0000000001185              1.078204E+02
0000000001186              1.074049E+02
0000000001187              1.069948E+02
0000000001188              1.065822E+02
0000000001189              1.061749E+02
0000000001190              1.057690E+02
0000000001191              1.053606E+02
0000000001192              1.049575E+02
0000000001193              1.045520E+02
0000000001194              1.041516E+02
0000000001195              1.037489E+02
0000000001196              1.033513E+02
0000000001197              1.029513E+02
0000000001198              1.025565E+02
0000000001199              1.021630E+02
0000000001200              1.017672E+02
0000000001201              1.013764E+02
0000000001202              1.009833E+02
0000000001203              1.005953E+02
0000000001204              1.002049E+02
0000000001205              9.981956E+01
0000000001206              9.943191E+01
0000000001207              9.904927E+01
0000000001208              9.866430E+01
0000000001209              9.828433E+01
0000000001210              9.790562E+01
0000000001211              9.752477E+01
0000000001212              9.714870E+01
0000000001213              9.677047E+01
0000000001214              9.639706E+01
0000000001215              9.602150E+01
0000000001216              9.565071E+01
0000000001217              9.527777E+01
0000000001218              9.490961E+01
0000000001219              9.454267E+01
0000000001220              9.417371E+01
0000000001221              9.380937E+01
0000000001222              9.344302E+01
0000000001223              9.308124E+01
0000000001224              9.271746E+01
0000000001225              9.235825E+01
0000000001226              9.199702E+01
0000000001227              9.164040E+01
0000000001228              9.128495E+01
0000000001229              9.092763E+01
0000000001230              9.057471E+01
0000000001231              9.021990E+01
0000000001232              8.986952E+01
0000000001233              8.951723E+01
0000000001234              8.916935E+01
0000000001235              8.881953E+01
0000000001236              8.847415E+01
0000000001237              8.812991E+01
0000000001238              8.778393E+01
0000000001239              8.744217E+01
0000000001240              8.709863E+01
0000000001241              8.675932E+01
0000000001242              8.641826E+01
0000000001243              8.608139E+01
0000000001244              8.574274E+01
0000000001245              8.540832E+01
0000000001246              8.507500E+01
0000000001247              8.474006E+01
0000000001248              8.440919E+01
0000000001249              8.407665E+01
0000000001250              8.374815E+01
0000000001251              8.341798E+01
0000000001252              8.309187E+01
0000000001253              8.276408E+01
0000000001254              8.244034E+01
0000000001255              8.211490E+01
0000000001256              8.179352E+01
0000000001257              8.147321E+01
0000000001258              8.115138E+01
0000000001259              8.083342E+01
0000000001260              8.051389E+01
0000000001261              8.019826E+01
0000000001262              7.988103E+01
0000000001263              7.956769E+01
0000000001264              7.925277E+01
0000000001265              7.894174E+01
0000000001266              7.863175E+01
0000000001267              7.832032E+01
0000000001268              7.801262E+01
0000000001269              7.770345E+01
0000000001270              7.739801E+01
0000000001271              7.709109E+01
0000000001272              7.678787E+01
0000000001273              7.648318E+01
0000000001274              7.618222E+01
0000000001275              7.588229E+01
0000000001276              7.558099E+01
0000000001277              7.528326E+01
0000000001278              7.498418E+01
0000000001279              7.468867E+01
0000000001280              7.439176E+01
0000000001281              7.409842E+01
0000000001282              7.380370E+01
0000000001283              7.351252E+01
0000000001284              7.321994E+01
0000000001285              7.293092E+01
0000000001286              7.264294E+01
0000000001287              7.235365E+01
0000000001288              7.206776E+01
0000000001289              7.178059E+01
0000000001290              7.149686E+01
0000000001291              7.121180E+01
0000000001292              7.093017E+01
0000000001293              7.064722E+01
0000000001294              7.036768E+01
0000000001295              7.008913E+01
0000000001296              6.980934E+01
0000000001297              6.953288E+01
0000000001298              6.925518E+01
0000000001299              6.898076E+01
0000000001300              6.870513E+01
0000000001301              6.843275E+01
0000000001302              6.815915E+01
0000000001303              6.788882E+01
0000000001304              6.761724E+01
0000000001305              6.734895E+01
0000000001306              6.708160E+01
0000000001307              6.681308E+01
0000000001308              6.654774E+01
0000000001309              6.628125E+01
0000000001310              6.601788E+01
0000000001311              6.575337E+01
0000000001312              6.549200E+01
0000000001313              6.522945E+01
0000000001314              6.497005E+01
0000000001315              6.471156E+01
0000000001316              6.445200E+01
0000000001317              6.419544E+01
0000000001318              6.393784E+01
0000000001319              6.368323E+01
0000000001320              6.342754E+01
0000000001321              6.317487E+01
0000000001322              6.292109E+01
0000000001323              6.267032E+01
0000000001324              6.242044E+01
0000000001325              6.216957E+01
0000000001326              6.192158E+01
0000000001327              6.167260E+01
0000000001328              6.142649E+01
0000000001329              6.117936E+01
0000000001330              6.093513E+01
0000000001331              6.068986E+01
0000000001332              6.044748E+01
0000000001333              6.020405E+01
0000000001334              5.996352E+01
0000000001335              5.972385E+01
0000000001336              5.948322E+01
0000000001337              5.924538E+01
0000000001338              5.900657E+01
0000000001339              5.877053E+01
0000000001340              5.853352E+01
0000000001341              5.829929E+01
0000000001342              5.806407E+01
0000000001343              5.783162E+01
0000000001344              5.759818E+01
0000000001345              5.736751E+01
0000000001346              5.713767E+01
0000000001347              5.690693E+01
0000000001348              5.667886E+01
0000000001349              5.644986E+01
0000000001350              5.622353E+01
0000000001351              5.599626E+01
0000000001352              5.577168E+01
0000000001353              5.554615E+01
0000000001354              5.532327E+01
0000000001355              5.510120E+01
0000000001356              5.487829E+01
0000000001357              5.465793E+01
0000000001358              5.443671E+01
0000000001359              5.421805E+01
0000000001360              5.399851E+01
0000000001361              5.378153E+01
0000000001362              5.356367E+01
0000000001363              5.334836E+01
0000000001364              5.313216E+01
0000000001365              5.291851E+01
0000000001366              5.270564E+01
0000000001367              5.249195E+01
0000000001368              5.228073E+01
0000000001369              5.206868E+01
0000000001370              5.185909E+01
0000000001371              5.164865E+01
0000000001372              5.144069E+01
0000000001373              5.123186E+01
0000000001374              5.102550E+01
0000000001375              5.081988E+01
0000000001376              5.061351E+01
0000000001377              5.040949E+01
0000000001378              5.020469E+01
0000000001379              5.000226E+01
0000000001380              4.979904E+01
0000000001381              4.959818E+01
0000000001382              4.939651E+01
0000000001383              4.919720E+01
0000000001384              4.899709E+01
0000000001385              4.879934E+01
0000000001386              4.860231E+01
0000000001387              4.840455E+01
0000000001388              4.820905E+01
0000000001389              4.801281E+01
0000000001390              4.781884E+01
0000000001391              4.762411E+01
0000000001392              4.743165E+01
0000000001393              4.723842E+01
0000000001394              4.704747E+01
0000000001395              4.685721E+01
0000000001396              4.666626E+01
0000000001397              4.647748E+01
0000000001398              4.628801E+01
0000000001399              4.610071E+01
0000000001400              4.591270E+01
0000000001401              4.572687E+01
0000000001402              4.554031E+01
0000000001403              4.535593E+01
0000000001404              4.517081E+01
0000000001405              4.498788E+01
0000000001406              4.480563E+01
0000000001407              4.462270E+01
0000000001408              4.444187E+01
0000000001409              4.426037E+01
0000000001410              4.408095E+01
0000000001411              4.390086E+01
0000000001412              4.372285E+01
0000000001413              4.354416E+01
0000000001414              4.336755E+01
0000000001415              4.319024E+01
0000000001416              4.301502E+01
0000000001417              4.284045E+01
0000000001418              4.266525E+01
0000000001419              4.249205E+01
0000000001420              4.231821E+01
0000000001421              4.214638E+01
0000000001422              4.197389E+01
0000000001423              4.180341E+01
0000000001424              4.163226E+01
0000000001425              4.146314E+01
0000000001426              4.129332E+01
0000000001427              4.112552E+01
0000000001428              4.095834E+01
0000000001429              4.079055E+01
0000000001430              4.062471E+01
0000000001431              4.045822E+01
0000000001432              4.029368E+01
0000000001433              4.012850E+01
0000000001434              3.996526E+01
0000000001435              3.980137E+01
0000000001436              3.963942E+01
0000000001437              3.947681E+01
0000000001438              3.931614E+01
0000000001439              3.915608E+01
0000000001440              3.899541E+01
0000000001441              3.883661E+01
0000000001442              3.867720E+01
0000000001443              3.851966E+01
0000000001444              3.836150E+01
0000000001445              3.820521E+01
0000000001446              3.804829E+01
0000000001447              3.789324E+01
0000000001448              3.773877E+01
0000000001449              3.758373E+01
0000000001450              3.743049E+01
0000000001451              3.727667E+01
0000000001452              3.712464E+01
0000000001453              3.697203E+01
0000000001454              3.682121E+01
0000000001455              3.666980E+01
0000000001456              3.652019E+01
0000000001457              3.636996E+01
0000000001458              3.622155E+01
0000000001459              3.607368E+01
0000000001460              3.592525E+01
0000000001461              3.577858E+01
0000000001462              3.563132E+01
0000000001463              3.548581E+01
0000000001464              3.533971E+01
0000000001465              3.519536E+01
0000000001466              3.505042E+01
0000000001467              3.490721E+01
0000000001468              3.476342E+01
0000000001469              3.462136E+01
0000000001470              3.447983E+01
0000000001471              3.433776E+01
0000000001472              3.419738E+01
0000000001473              3.405643E+01
0000000001474              3.391717E+01
0000000001475              3.377734E+01
0000000001476              3.363918E+01
0000000001477              3.350045E+01
0000000001478              3.336340E+01
0000000001479              3.322577E+01
0000000001480              3.308982E+01
0000000001481              3.295438E+01
0000000001482              3.281842E+01
0000000001483              3.268406E+01
0000000001484              3.254918E+01
0000000001485              3.241591E+01
0000000001486              3.228208E+01
0000000001487              3.214988E+01
0000000001488              3.201711E+01
0000000001489              3.188598E+01
0000000001490              3.175426E+01
0000000001491              3.162417E+01
0000000001492              3.149458E+01
0000000001493              3.136447E+01
0000000001494              3.123591E+01
0000000001495              3.110683E+01
0000000001496              3.097931E+01
0000000001497              3.085125E+01
0000000001498              3.072476E+01
0000000001499              3.059772E+01
0000000001500              3.047224E+01
0000000001501              3.034621E+01
0000000001502              3.022174E+01
0000000001503              3.009775E+01
0000000001504              2.997325E+01
0000000001505              2.985026E+01
0000000001506              2.972675E+01
0000000001507              2.960475E+01
0000000001508              2.948222E+01
0000000001509              2.936120E+01
0000000001510              2.923965E+01
0000000001511              2.911960E+01
0000000001512              2.899902E+01
0000000001513              2.887995E+01
0000000001514              2.876133E+01
0000000001515              2.864222E+01
0000000001516              2.852456E+01
0000000001517              2.840639E+01
0000000001518              2.828967E+01
0000000001519              2.817245E+01
0000000001520              2.805669E+01
0000000001521              2.794040E+01
0000000001522              2.782557E+01
0000000001523              2.771021E+01
0000000001524              2.759630E+01
0000000001525              2.748284E+01
0000000001526              2.736888E+01
0000000001527              2.725634E+01
0000000001528              2.714329E+01
0000000001529              2.703165E+01
0000000001530              2.691952E+01
0000000001531              2.680879E+01
0000000001532              2.669754E+01
0000000001533              2.658771E+01
0000000001534              2.647736E+01
0000000001535              2.636841E+01
0000000001536              2.625989E+01
0000000001537              2.615088E+01
0000000001538              2.604324E+01
0000000001539              2.593511E+01
0000000001540              2.582834E+01
0000000001541              2.572107E+01
0000000001542              2.561517E+01
0000000001543              2.550876E+01
0000000001544              2.540372E+01
0000000001545              2.529816E+01
0000000001546              2.519397E+01
0000000001547              2.509018E+01
0000000001548              2.498592E+01
0000000001549              2.488298E+01
0000000001550              2.477955E+01
0000000001551              2.467744E+01
0000000001552              2.457485E+01
0000000001553              2.447357E+01
0000000001554              2.437180E+01
0000000001555              2.427135E+01
0000000001556              2.417039E+01
0000000001557              2.407076E+01
0000000001558              2.397151E+01
0000000001559              2.387179E+01
0000000001560              2.377335E+01
0000000001561              2.367443E+01
0000000001562              2.357679E+01
0000000001563              2.347868E+01
0000000001564              2.338183E+01
0000000001565              2.328450E+01
0000000001566              2.318845E+01
0000000001567              2.309190E+01
0000000001568              2.299663E+01
0000000001569              2.290173E+01
0000000001570              2.280637E+01
0000000001571              2.271224E+01
0000000001572              2.261765E+01
0000000001573              2.252428E+01
0000000001574              2.243046E+01
0000000001575              2.233786E+01
0000000001576              2.224479E+01
0000000001577              2.215294E+01
0000000001578              2.206062E+01
0000000001579              2.196953E+01
0000000001580              2.187879E+01
0000000001581              2.178761E+01
0000000001582              2.169761E+01
0000000001583              2.160715E+01
0000000001584              2.151790E+01
0000000001585              2.142818E+01
0000000001586              2.133965E+01
0000000001587              2.125065E+01
0000000001588              2.116285E+01
0000000001589              2.107457E+01
0000000001590              2.098748E+01
0000000001591              2.090073E+01
0000000001592              2.081355E+01
0000000001593              2.072750E+01
0000000001594              2.064102E+01
0000000001595              2.055569E+01
0000000001596              2.046990E+01
0000000001597              2.038527E+01
0000000001598              2.030017E+01
0000000001599              2.021624E+01
0000000001600              2.013183E+01
0000000001601              2.004858E+01
0000000001602              1.996486E+01
0000000001603              1.988229E+01
0000000001604              1.980005E+01
0000000001605              1.971735E+01
0000000001606              1.963578E+01
0000000001607              1.955376E+01
0000000001608              1.947286E+01
0000000001609              1.939150E+01
0000000001610              1.931127E+01
0000000001611              1.923057E+01
0000000001612              1.915099E+01
0000000001613              1.907094E+01
0000000001614              1.899203E+01
0000000001615              1.891340E+01
0000000001616              1.883435E+01
0000000001617              1.875638E+01
0000000001618              1.867797E+01
0000000001619              1.860064E+01
0000000001620              1.852287E+01
0000000001621              1.844617E+01
0000000001622              1.836903E+01
0000000001623              1.829296E+01
0000000001624              1.821644E+01
0000000001625              1.814101E+01
0000000001626              1.806587E+01
0000000001627              1.799029E+01
0000000001628              1.791577E+01
0000000001629              1.784081E+01
0000000001630              1.776690E+01
0000000001631              1.769255E+01
0000000001632              1.761924E+01
0000000001633              1.754550E+01
0000000001634              1.747281E+01
0000000001635              1.739965E+01
0000000001636              1.732756E+01
0000000001637              1.725574E+01
0000000001638              1.718350E+01
0000000001639              1.711228E+01
0000000001640              1.704063E+01
0000000001641              1.696999E+01
0000000001642              1.689892E+01
0000000001643              1.682887E+01
0000000001644              1.675837E+01
0000000001645              1.668889E+01
0000000001646              1.661898E+01
0000000001647              1.655008E+01
0000000001648              1.648072E+01
0000000001649              1.641239E+01
0000000001650              1.634432E+01
0000000001651              1.627584E+01
0000000001652              1.620833E+01
0000000001653              1.614040E+01
0000000001654              1.607345E+01
0000000001655              1.600607E+01
0000000001656              1.593968E+01
0000000001657              1.587285E+01
0000000001658              1.580700E+01
0000000001659              1.574072E+01
0000000001660              1.567542E+01
0000000001661              1.561037E+01
0000000001662              1.554491E+01
0000000001663              1.548041E+01
0000000001664              1.541548E+01
0000000001665              1.535151E+01
0000000001666              1.528711E+01
0000000001667              1.522366E+01
0000000001668              1.515979E+01
0000000001669              1.509687E+01
0000000001670              1.503352E+01
0000000001671              1.497112E+01
0000000001672              1.490897E+01
0000000001673              1.484640E+01
0000000001674              1.478477E+01
0000000001675              1.472271E+01
0000000001676              1.466158E+01
0000000001677              1.460004E+01
0000000001678              1.453942E+01
0000000001679              1.447837E+01
0000000001680              1.441825E+01
0000000001681              1.435770E+01
0000000001682              1.429809E+01
0000000001683              1.423803E+01
0000000001684              1.417890E+01
0000000001685              1.412001E+01
0000000001686              1.406070E+01
0000000001687              1.400230E+01
0000000001688              1.394348E+01
0000000001689              1.388556E+01
0000000001690              1.382722E+01
0000000001691              1.376978E+01
0000000001692              1.371191E+01
0000000001693              1.365495E+01
0000000001694              1.359756E+01
0000000001695              1.354107E+01
0000000001696              1.348480E+01
0000000001697              1.342813E+01
0000000001698              1.337232E+01
0000000001699              1.331611E+01
0000000001700              1.326077E+01
0000000001701              1.320502E+01
0000000001702              1.315014E+01
0000000001703              1.309485E+01
0000000001704              1.304043E+01
0000000001705              1.298558E+01
0000000001706              1.293161E+01
0000000001707              1.287785E+01
0000000001708              1.282370E+01
0000000001709              1.277038E+01
0000000001710              1.271667E+01
0000000001711              1.266380E+01
0000000001712              1.261053E+01
0000000001713              1.255810E+01
0000000001714              1.250526E+01
0000000001715              1.245327E+01
0000000001716              1.240086E+01
0000000001717              1.234930E+01
0000000001718              1.229732E+01
0000000001719              1.224619E+01
0000000001720              1.219526E+01
0000000001721              1.214394E+01
0000000001722              1.209343E+01
0000000001723              1.204253E+01
0000000001724              1.199244E+01
0000000001725              1.194195E+01
0000000001726              1.189228E+01
0000000001727              1.184220E+01
0000000001728              1.179295E+01
0000000001729              1.174328E+01
0000000001730              1.169444E+01
0000000001731              1.164518E+01
0000000001732              1.159674E+01
0000000001733              1.154849E+01
0000000001734              1.149986E+01
0000000001735              1.145201E+01
0000000001736              1.140377E+01
0000000001737              1.135632E+01
0000000001738              1.130847E+01
0000000001739              1.126142E+01
0000000001740              1.121397E+01
0000000001741              1.116731E+01
0000000001742              1.112024E+01
0000000001743              1.107398E+01
0000000001744              1.102789E+01
0000000001745              1.098141E+01
0000000001746              1.093571E+01
0000000001747              1.088962E+01
0000000001748              1.084429E+01
0000000001749              1.079858E+01
0000000001750              1.075363E+01
0000000001751              1.070829E+01
0000000001752              1.066373E+01
0000000001753              1.061876E+01
0000000001754              1.057456E+01
0000000001755              1.053054E+01
0000000001756              1.048613E+01
0000000001757              1.044248E+01
0000000001758              1.039844E+01
0000000001759              1.035515E+01
0000000001760              1.031147E+01
0000000001761              1.026854E+01
0000000001762              1.022523E+01
0000000001763              1.018265E+01
0000000001764              1.013969E+01
0000000001765              1.009748E+01
0000000001766              1.005487E+01
0000000001767              1.001301E+01
0000000001768              9.971308E+00
0000000001769              9.929235E+00
0000000001770              9.887886E+00
0000000001771              9.846159E+00
0000000001772              9.805155E+00
0000000001773              9.763768E+00
0000000001774              9.723110E+00
0000000001775              9.682064E+00
0000000001776              9.641744E+00
0000000001777              9.601035E+00
0000000001778              9.561053E+00
0000000001779              9.520678E+00
0000000001780              9.481031E+00
0000000001781              9.441537E+00
0000000001782              9.401672E+00
0000000001783              9.362510E+00
0000000001784              9.322972E+00
0000000001785              9.284138E+00
0000000001786              9.244924E+00
0000000001787              9.206416E+00
0000000001788              9.167527E+00
0000000001789              9.129339E+00
0000000001790              9.090768E+00
0000000001791              9.052902E+00
0000000001792              9.015182E+00
0000000001793              8.977099E+00
0000000001794              8.939696E+00
0000000001795              8.901925E+00
0000000001796              8.864836E+00
0000000001797              8.827375E+00
0000000001798              8.790599E+00
0000000001799              8.753447E+00
0000000001800              8.716974E+00
0000000001801              8.680129E+00
0000000001802              8.643966E+00
0000000001803              8.607422E+00
0000000001804              8.571560E+00
0000000001805              8.535839E+00
0000000001806              8.499756E+00
0000000001807              8.464336E+00
0000000001808              8.428551E+00
0000000001809              8.393426E+00
0000000001810              8.357935E+00
0000000001811              8.323107E+00
0000000001812              8.287910E+00
0000000001813              8.253371E+00
0000000001814              8.218461E+00
0000000001815              8.184215E+00
0000000001816              8.149591E+00
0000000001817              8.115633E+00
0000000001818              8.081803E+00
0000000001819              8.047622E+00
0000000001820              8.014077E+00
0000000001821              7.980175E+00
0000000001822              7.946914E+00
0000000001823              7.913292E+00
0000000001824              7.880308E+00
0000000001825              7.846963E+00
0000000001826              7.814258E+00
0000000001827              7.781186E+00
0000000001828              7.748755E+00
0000000001829              7.716450E+00
0000000001830              7.683797E+00
0000000001831              7.651764E+00
0000000001832              7.619380E+00
0000000001833              7.587616E+00
0000000001834              7.555499E+00
0000000001835              7.524003E+00
0000000001836              7.492149E+00
0000000001837              7.460917E+00
0000000001838              7.429326E+00
0000000001839              7.398358E+00
0000000001840              7.367028E+00
0000000001841              7.336318E+00
0000000001842              7.305730E+00
0000000001843              7.274796E+00
0000000001844              7.244463E+00
0000000001845              7.213785E+00
0000000001846              7.183709E+00
0000000001847              7.153284E+00
0000000001848              7.123460E+00
0000000001849              7.093285E+00
0000000001850              7.063712E+00
0000000001851              7.033785E+00
0000000001852              7.004461E+00
0000000001853              6.974781E+00
0000000001854              6.945704E+00
0000000001855              6.916740E+00
0000000001856              6.887437E+00
0000000001857              6.858716E+00
0000000001858              6.829655E+00
0000000001859              6.801176E+00
0000000001860              6.772355E+00
0000000001861              6.744115E+00
0000000001862              6.715531E+00
0000000001863              6.687530E+00
0000000001864              6.659181E+00
0000000001865              6.631416E+00
0000000001866              6.603301E+00
0000000001867              6.575770E+00
0000000001868              6.548345E+00
0000000001869              6.520587E+00
0000000001870              6.493394E+00
0000000001871              6.465865E+00
0000000001872              6.438900E+00
0000000001873              6.411599E+00
0000000001874              6.384863E+00
0000000001875              6.357784E+00
0000000001876              6.331273E+00
0000000001877              6.304419E+00
0000000001878              6.278132E+00
0000000001879              6.251498E+00
0000000001880              6.225432E+00
0000000001881              6.199467E+00
0000000001882              6.173172E+00
0000000001883              6.147427E+00
0000000001884              6.121350E+00
0000000001885              6.095820E+00
0000000001886              6.069958E+00
0000000001887              6.044645E+00
0000000001888              6.018996E+00
0000000001889              5.993896E+00
0000000001890              5.968460E+00
0000000001891              5.943572E+00
0000000001892              5.918779E+00
0000000001893              5.893666E+00
0000000001894              5.869082E+00
0000000001895              5.844177E+00
0000000001896              5.819801E+00
0000000001897              5.795101E+00
0000000001898              5.770931E+00
0000000001899              5.746434E+00
0000000001900              5.722467E+00
0000000001901              5.698173E+00
0000000001902              5.674411E+00
0000000001903              5.650315E+00
0000000001904              5.626754E+00
0000000001905              5.603281E+00
0000000001906              5.579495E+00
0000000001907              5.556221E+00
0000000001908              5.532629E+00
0000000001909              5.509552E+00
0000000001910              5.486156E+00
0000000001911              5.463274E+00
0000000001912              5.440071E+00
0000000001913              5.417382E+00
0000000001914              5.394370E+00
0000000001915              5.371874E+00
0000000001916              5.349052E+00
0000000001917              5.326746E+00
0000000001918              5.304524E+00
0000000001919              5.281994E+00
0000000001920              5.259959E+00
0000000001921              5.237616E+00
0000000001922              5.215768E+00
0000000001923              5.193608E+00
0000000001924              5.171946E+00
0000000001925              5.149969E+00
0000000001926              5.128491E+00
0000000001927              5.106693E+00
0000000001928              5.085397E+00
0000000001929              5.063780E+00
0000000001930              5.042664E+00
0000000001931              5.021626E+00
0000000001932              5.000287E+00
0000000001933              4.979429E+00
0000000001934              4.958265E+00
0000000001935              4.937582E+00
0000000001936              4.916594E+00
0000000001937              4.896087E+00
0000000001938              4.875271E+00
0000000001939              4.854938E+00
0000000001940              4.834293E+00
0000000001941              4.814133E+00
0000000001942              4.793659E+00
0000000001943              4.773669E+00
0000000001944              4.753755E+00
0000000001945              4.733543E+00
0000000001946              4.713798E+00
0000000001947              4.693752E+00
0000000001948              4.674175E+00
0000000001949              4.654295E+00
0000000001950              4.634883E+00
0000000001951              4.615168E+00
0000000001952              4.595920E+00
0000000001953              4.576367E+00
0000000001954              4.557281E+00
0000000001955              4.537891E+00
0000000001956              4.518968E+00
0000000001957              4.500116E+00
0000000001958              4.480973E+00
0000000001959              4.462281E+00
0000000001960              4.443297E+00
0000000001961              4.424764E+00
0000000001962              4.405937E+00
0000000001963              4.387560E+00
0000000001964              4.368887E+00
0000000001965              4.350667E+00
0000000001966              4.332149E+00
0000000001967              4.314084E+00
0000000001968              4.295718E+00
0000000001969              4.277804E+00
0000000001970              4.259960E+00
0000000001971              4.241830E+00
0000000001972              4.224137E+00
0000000001973              4.206157E+00
0000000001974              4.188613E+00
0000000001975              4.170781E+00
0000000001976              4.153388E+00
0000000001977              4.135702E+00
0000000001978              4.118455E+00
0000000001979              4.100918E+00
0000000001980              4.083816E+00
0000000001981              4.066423E+00
0000000001982              4.049467E+00
0000000001983              4.032218E+00
0000000001984              4.015406E+00
0000000001985              3.998657E+00
0000000001986              3.981628E+00
0000000001987              3.965023E+00
0000000001988              3.948135E+00
0000000001989              3.931670E+00
0000000001990              3.914921E+00
0000000001991              3.898595E+00
0000000001992              3.881986E+00
0000000001993              3.865798E+00
0000000001994              3.849325E+00
0000000001995              3.833276E+00
0000000001996              3.817287E+00
0000000001997              3.801025E+00
0000000001998              3.785173E+00
0000000001999              3.769046E+00
0000000002000              3.753328E+00
0000000002001              3.737333E+00
0000000002002              3.721748E+00
0000000002003              3.705887E+00
0000000002004              3.690434E+00
0000000002005              3.674703E+00
0000000002006              3.659382E+00
0000000002007              3.643781E+00
0000000002008              3.628590E+00
0000000002009              3.613118E+00
0000000002010              3.598056E+00
0000000002011              3.583051E+00
0000000002012              3.567777E+00
0000000002013              3.552900E+00
0000000002014              3.537753E+00
0000000002015              3.523002E+00
0000000002016              3.507980E+00
0000000002017              3.493354E+00
0000000002018              3.478456E+00
0000000002019              3.463954E+00
0000000002020              3.449180E+00
0000000002021              3.434801E+00
0000000002022              3.420149E+00
0000000002023              3.405892E+00
0000000002024              3.391689E+00
0000000002025              3.377225E+00
0000000002026              3.363143E+00
0000000002027              3.348799E+00
0000000002028              3.334836E+00
0000000002029              3.320610E+00
0000000002030              3.306766E+00
0000000002031              3.292658E+00
0000000002032              3.278932E+00
0000000002033              3.264940E+00
0000000002034              3.251330E+00
0000000002035              3.237454E+00
0000000002036              3.223961E+00
0000000002037              3.210518E+00
0000000002038              3.196820E+00
0000000002039              3.183491E+00
0000000002040              3.169907E+00
0000000002041              3.156692E+00
0000000002042              3.143219E+00
0000000002043              3.130116E+00
0000000002044              3.116755E+00
0000000002045              3.103765E+00
0000000002046              3.090514E+00
0000000002047              3.077633E+00
0000000002048              3.064492E+00
0000000002049              3.051721E+00
0000000002050              3.038689E+00
0000000002051              3.026026E+00
0000000002052              3.013411E+00
0000000002053              3.000547E+00
0000000002054              2.988039E+00
0000000002055              2.975281E+00
0000000002056              2.962879E+00
0000000002057              2.950227E+00
0000000002058              2.937931E+00
0000000002059              2.925383E+00
0000000002060              2.913192E+00
0000000002061              2.900748E+00
0000000002062              2.888660E+00
0000000002063              2.876319E+00
0000000002064              2.864335E+00
0000000002065              2.852395E+00
0000000002066              2.840212E+00
0000000002067              2.828375E+00
0000000002068              2.816293E+00
0000000002069              2.804556E+00
0000000002070              2.792574E+00
0000000002071              2.780936E+00
0000000002072              2.769053E+00
0000000002073              2.757516E+00
0000000002074              2.745731E+00
0000000002075              2.734291E+00
0000000002076              2.722604E+00
0000000002077              2.711261E+00
0000000002078              2.699961E+00
0000000002079              2.688425E+00
0000000002080              2.677221E+00
0000000002081              2.665779E+00
0000000002082              2.654671E+00
0000000002083              2.643325E+00
0000000002084              2.632311E+00
0000000002085              2.621058E+00
0000000002086              2.610138E+00
0000000002087              2.598978E+00
0000000002088              2.588151E+00
0000000002089              2.577084E+00
0000000002090              2.566349E+00
0000000002091              2.555655E+00
0000000002092              2.544730E+00
0000000002093              2.534126E+00
0000000002094              2.523292E+00
0000000002095              2.512779E+00
0000000002096              2.502034E+00
0000000002097              2.491611E+00
0000000002098              2.480955E+00
0000000002099              2.470620E+00
0000000002100              2.460052E+00
0000000002101              2.449806E+00
0000000002102              2.439325E+00
0000000002103              2.429166E+00
0000000002104              2.418772E+00
0000000002105              2.408700E+00
0000000002106              2.398664E+00
0000000002107              2.388405E+00
0000000002108              2.378455E+00
0000000002109              2.368280E+00
0000000002110              2.358416E+00
0000000002111              2.348325E+00
0000000002112              2.338545E+00
0000000002113              2.328538E+00
0000000002114              2.318840E+00
0000000002115              2.308915E+00
0000000002116              2.299301E+00
0000000002117              2.289459E+00
0000000002118              2.279926E+00
0000000002119              2.270429E+00
0000000002120              2.260714E+00
0000000002121              2.251298E+00
0000000002122              2.241663E+00
0000000002123              2.232327E+00
0000000002124              2.222771E+00
0000000002125              2.213516E+00
0000000002126              2.204039E+00
0000000002127              2.194862E+00
0000000002128              2.185464E+00
0000000002129              2.176365E+00
0000000002130              2.167045E+00
0000000002131              2.158024E+00
0000000002132              2.149035E+00
0000000002133              2.139835E+00
0000000002134              2.130924E+00
0000000002135              2.121800E+00
0000000002136              2.112966E+00
0000000002137              2.103917E+00
0000000002138              2.095158E+00
0000000002139              2.086184E+00
0000000002140              2.077499E+00
0000000002141              2.068600E+00
0000000002142              2.059989E+00
0000000002143              2.051163E+00
0000000002144              2.042625E+00
0000000002145              2.033873E+00
0000000002146              2.025408E+00
0000000002147              2.016975E+00
0000000002148              2.008336E+00
0000000002149              1.999975E+00
0000000002150              1.991406E+00
0000000002151              1.983117E+00
0000000002152              1.974619E+00
0000000002153              1.966400E+00
0000000002154              1.957973E+00
0000000002155              1.949825E+00
0000000002156              1.941467E+00
0000000002157              1.933388E+00
0000000002158              1.925100E+00
0000000002159              1.917089E+00
0000000002160              1.909109E+00
0000000002161              1.900928E+00
0000000002162              1.893016E+00
0000000002163              1.884902E+00
0000000002164              1.877058E+00
0000000002165              1.869011E+00
0000000002166              1.861233E+00
0000000002167              1.853254E+00
0000000002168              1.845543E+00
0000000002169              1.837629E+00
0000000002170              1.829983E+00
0000000002171              1.822135E+00
0000000002172              1.814555E+00
0000000002173              1.806772E+00
0000000002174              1.799256E+00
0000000002175              1.791769E+00
0000000002176              1.784086E+00
0000000002177              1.776662E+00
0000000002178              1.769043E+00
0000000002179              1.761683E+00
0000000002180              1.754127E+00
0000000002181              1.746830E+00
0000000002182              1.739336E+00
0000000002183              1.732101E+00
0000000002184              1.724669E+00
0000000002185              1.717496E+00
0000000002186              1.710126E+00
0000000002187              1.703014E+00
0000000002188              1.695928E+00
0000000002189              1.688654E+00
0000000002190              1.681628E+00
0000000002191              1.674414E+00
0000000002192              1.667449E+00
0000000002193              1.660294E+00
0000000002194              1.653388E+00
0000000002195              1.646293E+00
0000000002196              1.639446E+00
0000000002197              1.632409E+00
0000000002198              1.625621E+00
0000000002199              1.618642E+00
0000000002200              1.611912E+00
0000000002201              1.604991E+00
0000000002202              1.598318E+00
0000000002203              1.591670E+00
0000000002204              1.584839E+00
0000000002205              1.578247E+00
0000000002206              1.571472E+00
0000000002207              1.564938E+00
0000000002208              1.558219E+00
0000000002209              1.551740E+00
0000000002210              1.545076E+00
0000000002211              1.538653E+00
0000000002212              1.532045E+00
0000000002213              1.525676E+00
0000000002214              1.519122E+00
0000000002215              1.512808E+00
0000000002216              1.506308E+00
0000000002217              1.500048E+00
0000000002218              1.493811E+00
0000000002219              1.487396E+00
0000000002220              1.481212E+00
0000000002221              1.474850E+00
0000000002222              1.468718E+00
0000000002223              1.462409E+00
0000000002224              1.456331E+00
0000000002225              1.450073E+00
0000000002226              1.444047E+00
0000000002227              1.437841E+00
0000000002228              1.431866E+00
0000000002229              1.425711E+00
0000000002230              1.419788E+00
0000000002231              1.413885E+00
0000000002232              1.407811E+00
0000000002233              1.401959E+00
0000000002234              1.395935E+00
0000000002235              1.390133E+00
0000000002236              1.384159E+00
0000000002237              1.378407E+00
0000000002238              1.372482E+00
0000000002239              1.366779E+00
0000000002240              1.360903E+00
0000000002241              1.355249E+00
0000000002242              1.349422E+00
0000000002243              1.343816E+00
0000000002244              1.338037E+00
0000000002245              1.332479E+00
0000000002246              1.326942E+00
0000000002247              1.321238E+00
0000000002248              1.315748E+00
0000000002249              1.310091E+00
0000000002250              1.304649E+00
0000000002251              1.299038E+00
0000000002252              1.293642E+00
0000000002253              1.288078E+00
0000000002254              1.282728E+00
0000000002255              1.277210E+00
0000000002256              1.271906E+00
0000000002257              1.266434E+00
0000000002258              1.261175E+00
0000000002259              1.255748E+00
0000000002260              1.250534E+00
0000000002261              1.245339E+00
0000000002262              1.239983E+00
0000000002263              1.234832E+00
0000000002264              1.229520E+00
0000000002265              1.224414E+00
0000000002266              1.219146E+00
0000000002267              1.214083E+00
0000000002268              1.208859E+00
0000000002269              1.203839E+00
0000000002270              1.198658E+00
0000000002271              1.193682E+00
0000000002272              1.188543E+00
0000000002273              1.183609E+00
0000000002274              1.178694E+00
0000000002275              1.173622E+00
0000000002276              1.168749E+00
0000000002277              1.163719E+00
0000000002278              1.158887E+00
0000000002279              1.153898E+00
0000000002280              1.149108E+00
0000000002281              1.144161E+00
0000000002282              1.139411E+00
0000000002283              1.134506E+00
0000000002284              1.129797E+00
0000000002285              1.124931E+00
0000000002286              1.120263E+00
0000000002287              1.115437E+00
0000000002288              1.110809E+00
0000000002289              1.106197E+00
0000000002290              1.101435E+00
0000000002291              1.096862E+00
0000000002292              1.092139E+00
0000000002293              1.087606E+00
0000000002294              1.082922E+00
0000000002295              1.078428E+00
0000000002296              1.073783E+00
0000000002297              1.069327E+00
0000000002298              1.064720E+00
0000000002299              1.060303E+00
0000000002300              1.055734E+00
0000000002301              1.051354E+00
0000000002302              1.046823E+00
0000000002303              1.042481E+00
0000000002304              1.038154E+00
0000000002305              1.033682E+00
0000000002306              1.029393E+00
0000000002307              1.024958E+00
0000000002308              1.020705E+00
0000000002309              1.016307E+00
0000000002310              1.012091E+00
0000000002311              1.007729E+00
0000000002312              1.003549E+00
0000000002313              9.992223E-01
0000000002314              9.950784E-01
0000000002315              9.907879E-01
0000000002316              9.866792E-01
0000000002317              9.824243E-01
0000000002318              9.783508E-01
0000000002319              9.742922E-01
0000000002320              9.700927E-01
0000000002321              9.660686E-01
0000000002322              9.619039E-01
0000000002323              9.579145E-01
0000000002324              9.537842E-01
0000000002325              9.498288E-01
0000000002326              9.457327E-01
0000000002327              9.418112E-01
0000000002328              9.377489E-01
0000000002329              9.338613E-01
0000000002330              9.298325E-01
0000000002331              9.259781E-01
0000000002332              9.219825E-01
0000000002333              9.181613E-01
0000000002334              9.143535E-01
0000000002335              9.104103E-01
0000000002336              9.066352E-01
0000000002337              9.027245E-01
0000000002338              8.989819E-01  ESTADO ESTACIONRIO ALCANADO
  
A SIMULAO PREDIZ QUE O NMERO DE DIAS DA PANDEMIA SERIA:  2341.00 DIAS.
