           6          21   9.76646561E-07
           7          25   9.21455523E-07
           8          29   6.76632510E-07
           9          31   8.67840924E-07
          10          33   9.45678210E-07
          11          35   9.46932744E-07
          12          37   8.85131044E-07
          13          39   7.62493528E-07
          14          40   8.45158638E-07
          15          41   9.87294356E-07
          16          43   7.74514604E-07
          17          44   8.63568687E-07
          18          45   8.93689673E-07
          19          46   8.93729634E-07
          20          47   9.63225489E-07
          21          48   9.61492105E-07
          22          50   7.23664357E-07
          23          51   7.61532874E-07
          24          52   7.75829449E-07
          25          53   7.79820425E-07
          26          53   9.77409741E-07
          27          55   7.42183204E-07
          28          55   9.99347435E-07
          29          56   9.52912330E-07
          30          57   9.66433504E-07
          31          58   9.20825983E-07
          32          59   9.38686640E-07
          33          60   8.89090643E-07
          34          61   8.09218704E-07
          35          62   8.70394956E-07
          36          63   8.13580584E-07
          37          64   8.01599583E-07
          38          65   7.84470274E-07
          39          65   9.65752179E-07
          40          66   9.41234987E-07
          41          67   9.10357983E-07
          42          68   8.66104244E-07
          43          69   8.14250200E-07
          44          70   7.84347606E-07
          45          71   7.75286082E-07
          46          71   9.44423959E-07
          47          72   9.27479334E-07
          48          73   8.72319674E-07
          49          74   8.54508983E-07
          50          75   7.95912285E-07
          51          75   9.49227342E-07
          52          76   9.40064979E-07
          53          77   8.70681504E-07
          54          78   8.42355178E-07
          55          79   8.11788539E-07
          56          80   7.74427406E-07
          57          80   9.56720214E-07
          58          81   8.64642118E-07
          59          82   8.56427221E-07
          60          83   8.19406466E-07
          61          83   9.82532356E-07
          62          84   9.38387188E-07
          63          85   8.48578964E-07
          64          86   8.29933356E-07
          65          86   9.98440555E-07
          66          87   9.60272928E-07
          67          88   8.95362518E-07
          68          89   8.43709074E-07
          69          90   8.21260755E-07
          70          90   9.58601163E-07
          71          91   9.40852146E-07
          72          92   8.76690478E-07
          73          93   8.02964223E-07
          74          93   9.69567964E-07
          75          94   9.27494852E-07
          76          95   8.64133142E-07
          77          96   8.43377904E-07
          78          96   9.74973318E-07
          79          97   9.31282159E-07
          80          98   8.61329283E-07
          81          99   8.39816892E-07
          82          99   9.61577484E-07
          83         100   9.27721317E-07
          84         101   8.62016861E-07
          85         102   8.13911868E-07
          86         102   9.45759552E-07
          87         103   8.90417880E-07
          88         104   8.30210297E-07
          89         104   9.96546078E-07
          90         105   9.40436962E-07
          91         106   8.71912903E-07
          92         107   8.37690209E-07
          93         107   9.76331876E-07
          94         108   9.30071963E-07
          95         109   8.65463790E-07
          96         110   8.05371542E-07
          97         110   9.42590702E-07
          98         111   9.06291689E-07
          99         112   8.24820802E-07
         100         112   9.72527232E-07
         101         113   9.08768641E-07
         102         114   8.59144109E-07
         103         114   9.99381655E-07
         104         115   9.54160896E-07
         105         116   8.73975239E-07
         106         117   8.23186042E-07
         107         117   9.60440275E-07
         108         118   8.90571926E-07
         109         119   8.39608106E-07
         110         119   9.66734774E-07
         111         120   9.09987534E-07
         112         121   8.61242881E-07
         113         121   9.93432877E-07
         114         122   9.22353252E-07
         115         123   8.77509194E-07
         116         124   8.11801101E-07
         117         124   9.58906185E-07
         118         125   8.83125892E-07
         119         126   8.54167638E-07
         120         126   9.49636728E-07
         121         127   8.96592041E-07
         122         128   8.76179115E-07
         123         128   9.99008535E-07
         124         129   9.31836098E-07
         125         130   8.80906896E-07
         126         131   8.09129006E-07
         127         131   9.25542452E-07
         128         132   8.77508967E-07
         129         133   8.32338173E-07
         130         133   9.36433025E-07
         131         134   9.05901288E-07
         132         135   8.20035268E-07
         133         135   9.46209695E-07
         134         136   8.97445773E-07
         135         137   8.57444149E-07
         136         137   9.65654181E-07
         137         138   8.92831679E-07
         138         139   8.32999660E-07
         139         139   9.45893760E-07
         140         140   9.03244143E-07
         141         141   8.43807584E-07
         142         141   9.74934892E-07
         143         142   9.09430867E-07
         144         143   8.66433936E-07
         145         143   9.78649496E-07
         146         144   9.26461780E-07
         147         145   8.57839609E-07
         148         145   9.58040800E-07
         149         146   9.15930968E-07
         150         147   8.64662923E-07
         151         147   9.73136366E-07
         152         148   9.08587197E-07
         153         149   8.59645297E-07
         154         149   9.67014898E-07
         155         150   9.36578715E-07
         156         151   8.69199255E-07
         157         151   9.84128405E-07
         158         152   9.08637503E-07
         159         153   8.59887507E-07
         160         153   9.59340468E-07
         161         154   9.04840533E-07
         162         155   8.62931358E-07
         163         155   9.77619607E-07
         164         156   9.08407287E-07
         165         157   8.64943615E-07
         166         157   9.61791670E-07
         167         158   9.00739792E-07
         168         159   8.55131589E-07
         169         159   9.55562996E-07
         170         160   9.02433896E-07
         171         161   8.36842730E-07
         172         161   9.41587416E-07
         173         162   8.95586254E-07
         174         163   8.43571854E-07
         175         163   9.44974090E-07
         176         164   9.06037599E-07
         177         165   8.39536483E-07
         178         165   9.23738241E-07
         179         166   8.86334021E-07
         180         166   9.84735152E-07
         181         167   9.18029059E-07
         182         168   8.69433677E-07
         183         168   9.82790539E-07
         184         169   9.15276701E-07
         185         170   8.74406567E-07
         186         170   9.75144417E-07
         187         171   9.10533686E-07
         188         172   8.54720611E-07
         189         172   9.51624997E-07
         190         173   8.90209321E-07
         191         173   9.92053742E-07
         192         174   9.47885837E-07
         193         175   8.72362705E-07
         194         175   9.79463266E-07
         195         176   9.27627241E-07
         196         177   8.84141343E-07
         197         177   9.74986506E-07
         198         178   9.31492650E-07
         199         179   8.79964944E-07
         200         179   9.63352250E-07
         201         180   9.16102636E-07
         202         181   8.63597222E-07
         203         181   9.45727038E-07
         204         182   8.96170945E-07
         205         182   9.94025072E-07
         206         183   9.34627110E-07
         207         184   8.90215290E-07
         208         184   9.93874892E-07
         209         185   9.35006767E-07
         210         186   8.72469684E-07
         211         186   9.73659098E-07
         212         187   9.14878683E-07
         213         188   8.64169749E-07
         214         188   9.60303055E-07
         215         189   9.03161663E-07
         216         189   9.97661118E-07
         217         190   9.40891368E-07
         218         191   8.94564096E-07
         219         191   9.86167493E-07
         220         192   9.33344438E-07
         221         193   8.62826028E-07
         222         193   9.63065986E-07
         223         194   9.14933310E-07
         224         195   8.65346067E-07
         225         195   9.57269890E-07
         226         196   8.93376068E-07
         227         196   9.82537244E-07
         228         197   9.39684583E-07
         229         198   8.66870209E-07
         230         198   9.58310011E-07
         231         199   9.16723195E-07
         232         200   8.82384256E-07
         233         200   9.60677539E-07
         234         201   9.14090435E-07
         235         202   8.65223853E-07
         236         202   9.49155378E-07
         237         203   8.96185668E-07
         238         203   9.84828489E-07
         239         204   9.40679570E-07
         240         205   8.66508799E-07
         241         205   9.51808886E-07
         242         206   9.05756394E-07
         243         206   9.99026952E-07
         244         207   9.57615498E-07
         245         208   9.00475811E-07
         246         208   9.94560537E-07
         247         209   9.33576530E-07
         248         210   8.77741854E-07
         249         210   9.74355544E-07
         250         211   9.22670779E-07
         251         212   8.66050186E-07
         252         212   9.46513239E-07
         253         213   9.12266501E-07
         254         214   8.57817611E-07
         255         214   9.43391569E-07
         256         215   8.90119736E-07
         257         215   9.73768692E-07
         258         216   9.25535289E-07
         259         217   8.74490638E-07
         260         217   9.58309670E-07
         261         218   9.17613818E-07
         262         218   9.98843348E-07
         263         219   9.48389072E-07
         264         220   8.92056789E-07
         265         220   9.82017696E-07
         266         221   9.35164508E-07
         267         222   8.66807909E-07
         268         222   9.59335921E-07
         269         223   9.09938649E-07
         270         224   8.69372855E-07
         271         224   9.54726147E-07
         272         225   8.88938871E-07
         273         225   9.81406174E-07
         274         226   9.28924635E-07
         275         227   8.81716858E-07
         276         227   9.65830282E-07
         277         228   9.06164587E-07
         278         228   9.87185445E-07
         279         229   9.49042374E-07
         280         230   8.90516446E-07
         281         230   9.71408667E-07
         282         231   9.23060156E-07
         283         232   8.71713951E-07
         284         232   9.54234906E-07
         285         233   9.08971117E-07
         286         233   9.93244839E-07
         287         234   9.28559245E-07
         288         235   8.91072148E-07
         289         235   9.68347649E-07
         290         236   9.23357618E-07
         291         237   8.77598495E-07
         292         237   9.60682542E-07
         293         238   9.01887290E-07
         294         238   9.85121233E-07
         295         239   9.33473871E-07
         296         240   8.97758412E-07
         297         240   9.66188395E-07
         298         241   9.24087715E-07
         299         242   8.81026210E-07
         300         242   9.64211381E-07
         301         243   9.08012396E-07
         302         243   9.88674742E-07
         303         244   9.33826016E-07
         304         245   8.92240678E-07
         305         245   9.73151145E-07
         306         246   9.13616873E-07
         307         247   8.76638239E-07
         308         247   9.52164896E-07
         309         248   8.96606593E-07
         310         248   9.75443641E-07
         311         249   9.44294584E-07
         312         250   8.82643178E-07
         313         250   9.62014838E-07
         314         251   9.08763980E-07
         315         252   8.71311499E-07
         316         252   9.42473093E-07
         317         253   9.00533905E-07
         318         253   9.78208163E-07
         319         254   9.30075430E-07
         320         255   8.82577467E-07
         321         255   9.59474050E-07
         322         256   9.13248698E-07
         323         257   8.71440875E-07
         324         257   9.49543335E-07
         325         258   8.91234436E-07
         326         258   9.64277774E-07
         327         259   9.22742913E-07
         328         260   8.78404876E-07
         329         260   9.56294684E-07
         330         261   9.06136052E-07
         331         261   9.85382712E-07
         332         262   9.42669942E-07
         333         263   8.90079434E-07
         334         263   9.69607527E-07
         335         264   9.24093627E-07
         336         264   9.98098017E-07
         337         265   9.58092414E-07
         338         266   9.06489220E-07
         339         266   9.86980126E-07
         340         267   9.33325623E-07
         341         268   8.85570785E-07
         342         268   9.61641490E-07
         343         269   9.24245512E-07
         344         269   9.98665769E-07
         345         270   9.57325938E-07
         346         271   9.12125245E-07
         347         271   9.82588176E-07
         348         272   9.38467622E-07
         349         273   8.84592168E-07
         350         273   9.61129103E-07
         351         274   9.22449317E-07
         352         274   9.96437620E-07
         353         275   9.46176840E-07
         354         276   8.98677683E-07
         355         276   9.76807314E-07
         356         277   9.32789590E-07
         357         278   8.86191231E-07
         358         278   9.63426942E-07
         359         279   9.20760328E-07
         360         279   9.94720381E-07
         361         280   9.46692751E-07
         362         281   9.01761553E-07
         363         281   9.79120387E-07
         364         282   9.33392528E-07
         365         283   8.94056029E-07
         366         283   9.64945343E-07
         367         284   9.12236032E-07
         368         284   9.83827590E-07
         369         285   9.46142109E-07
         370         286   8.99538804E-07
         371         286   9.73917054E-07
         372         287   9.33807030E-07
         373         288   8.88866850E-07
         374         288   9.58345140E-07
         375         289   9.19321849E-07
         376         289   9.88805027E-07
         377         290   9.46021260E-07
         378         291   9.06383548E-07
         379         291   9.77284230E-07
         380         292   9.32576597E-07
         381         293   8.88793295E-07
         382         293   9.60272018E-07
         383         294   9.16383669E-07
         384         294   9.90191211E-07
         385         295   9.46837531E-07
         386         296   9.01848125E-07
         387         296   9.76579258E-07
         388         297   9.31915793E-07
         389         298   8.89897649E-07
         390         298   9.62035756E-07
         391         299   9.17200111E-07
         392         299   9.85486508E-07
         393         300   9.45992099E-07
         394         301   9.05029026E-07
         395         301   9.74520049E-07
         396         302   9.34253194E-07
         397         303   8.91973286E-07
         398         303   9.62849413E-07
         399         304   9.16850809E-07
         400         304   9.86349505E-07
         401         305   9.44296801E-07
         402         306   9.03511818E-07
         403         306   9.77027753E-07
         404         307   9.33516048E-07
         405         308   8.94788172E-07
         406         308   9.61475735E-07
         407         309   9.19414333E-07
         408         309   9.88937927E-07
         409         310   9.46092257E-07
         410         311   9.04610886E-07
         411         311   9.73247779E-07
         412         312   9.32566877E-07
         413         313   8.91151956E-07
         414         313   9.61247224E-07
         415         314   9.16419822E-07
         416         314   9.87142357E-07
         417         315   9.46694058E-07
         418         316   9.06720061E-07
         419         316   9.74789373E-07
         420         317   9.34169918E-07
         421         318   8.90885758E-07
         422         318   9.59775093E-07
         423         319   9.18911041E-07
         424         319   9.86306304E-07
         425         320   9.48520267E-07
         426         321   9.09244761E-07
         427         321   9.75111675E-07
         428         322   9.32605985E-07
         429         323   8.94228947E-07
         430         323   9.61267460E-07
         431         324   9.21386516E-07
         432         324   9.88203169E-07
         433         325   9.44931799E-07
         434         326   9.08173718E-07
         435         326   9.74528916E-07
         436         327   9.33347394E-07
         437         328   8.93021536E-07
         438         328   9.59795557E-07
         439         329   9.17967441E-07
         440         329   9.85803126E-07
         441         330   9.45348859E-07
         442         331   9.06052776E-07
         443         331   9.73095212E-07
         444         332   9.33272531E-07
         445         332   9.99987492E-07
         446         333   9.58597639E-07
         447         334   9.16523618E-07
         448         334   9.82551342E-07
         449         335   9.44258375E-07
         450         336   9.05410445E-07
         451         336   9.67246933E-07
         452         337   9.31214743E-07
         453         337   9.98468749E-07
         454         338   9.55286396E-07
         455         339   9.17692546E-07
         456         339   9.83884661E-07
         457         340   9.43537316E-07
         458         341   9.02724707E-07
         459         341   9.66160087E-07
         460         342   9.25939844E-07
         461         342   9.90936314E-07
         462         343   9.52301150E-07
         463         344   9.14032682E-07
         464         344   9.77225000E-07
         465         345   9.38175845E-07
         466         346   9.01606825E-07
         467         346   9.64431365E-07
         468         347   9.25457584E-07
         469         347   9.90201215E-07
         470         348   9.50505182E-07
         471         349   9.11390543E-07
         472         349   9.75556645E-07
         473         350   9.36125105E-07
         474         351   8.98157339E-07
         475         351   9.61900355E-07
         476         352   9.22337108E-07
         477         352   9.86286523E-07
         478         353   9.46199066E-07
         479         354   9.08358288E-07
         480         354   9.71538839E-07
         481         355   9.32791693E-07
         482         355   9.97410666E-07
         483         356   9.57702696E-07
         484         357   9.19600950E-07
         485         357   9.83138762E-07
         486         358   9.42684892E-07
         487         359   9.06853643E-07
         488         359   9.68645622E-07
         489         360   9.30230669E-07
         490         360   9.93677531E-07
         491         361   9.53982976E-07
         492         362   9.16704948E-07
         493         362   9.78868798E-07
         494         363   9.40670077E-07
         495         364   9.02809177E-07
         496         364   9.64629521E-07
         497         365   9.25851111E-07
         498         365   9.88905640E-07
         499         366   9.49987964E-07
         500         367   9.11772304E-07
         501         367   9.73956844E-07
         502         368   9.34267689E-07
         503         368   9.98125756E-07
         504         369   9.58008172E-07
         505         370   9.20391983E-07
         506         370   9.82278607E-07
         507         371   9.43367411E-07
         508         372   9.06865125E-07
         509         372   9.67672349E-07
         510         373   9.28417251E-07
         511         373   9.90328658E-07
         512         374   9.50863807E-07
         513         375   9.14120960E-07
         514         375   9.75431135E-07
         515         376   9.36599349E-07
         516         376   9.99267399E-07
         517         377   9.59142540E-07
         518         378   9.21352409E-07
         519         378   9.83176164E-07
         520         379   9.44065846E-07
         521         380   9.07116942E-07
         522         380   9.67762844E-07
         523         381   9.29174519E-07
         524         381   9.90809554E-07
         525         382   9.51955258E-07
         526         383   9.14146028E-07
         527         383   9.74694331E-07
         528         384   9.35459468E-07
         529         384   9.97269808E-07
         530         385   9.59012254E-07
         531         386   9.21145272E-07
         532         386   9.81751782E-07
         533         387   9.42179327E-07
         534         388   9.05619856E-07
         535         388   9.64687388E-07
         536         389   9.27401743E-07
         537         389   9.88128818E-07
         538         390   9.49726541E-07
         539         391   9.11912821E-07
         540         391   9.70937549E-07
         541         392   9.34058733E-07
         542         392   9.94016546E-07
         543         393   9.54683060E-07
         544         394   9.17733928E-07
         545         394   9.76790375E-07
         546         395   9.39191182E-07
         547         395   9.99489089E-07
         548         396   9.59507361E-07
         549         397   9.22487175E-07
         550         397   9.82515871E-07
         551         398   9.43724672E-07
         552         399   9.07189360E-07
         553         399   9.65259346E-07
         554         400   9.27344388E-07
         555         400   9.87500130E-07
         556         401   9.49825790E-07
         557         402   9.12254279E-07
         558         402   9.70153792E-07
         559         403   9.33533158E-07
         560         403   9.92887635E-07
         561         404   9.53969334E-07
         562         405   9.17021907E-07
         563         405   9.74803925E-07
         564         406   9.36808874E-07
         565         406   9.96040058E-07
         566         407   9.58404144E-07
         567         408   9.21172273E-07
         568         408   9.79331730E-07
         569         409   9.40650011E-07
         570         410   9.03827072E-07
         571         410   9.62314175E-07
         572         411   9.23714651E-07
         573         411   9.82460506E-07
         574         412   9.43867576E-07
         575         413   9.08133529E-07
         576         413   9.65430445E-07
         577         414   9.27036979E-07
         578         414   9.85249699E-07
         579         415   9.47842125E-07
         580         416   9.11473080E-07
         581         416   9.68933819E-07
         582         417   9.31067291E-07
         583         417   9.89790919E-07
         584         418   9.51999084E-07
         585         419   9.13584699E-07
         586         419   9.71294412E-07
         587         420   9.34232219E-07
         588         420   9.92810783E-07
         589         421   9.55536734E-07
         590         422   9.16507986E-07
         591         422   9.73160695E-07
         592         423   9.37088259E-07
         593         423   9.94818606E-07
         594         424   9.56555709E-07
         595         425   9.20195248E-07
         596         425   9.76746492E-07
         597         426   9.38298399E-07
         598         426   9.96533572E-07
         599         427   9.57606517E-07
         600         428   9.19836907E-07
         601         428   9.77239097E-07
         602         429   9.39811059E-07
         603         429   9.97742177E-07
         604         430   9.59662316E-07
         605         431   9.22257755E-07
         606         431   9.78572530E-07
         607         432   9.41217706E-07
         608         432   9.98532187E-07
         609         433   9.60033617E-07
         610         434   9.23337552E-07
         611         434   9.80075924E-07
         612         435   9.42170800E-07
         613         435   9.98815267E-07
         614         436   9.60380703E-07
         615         437   9.24252561E-07
         616         437   9.80346840E-07
         617         438   9.42832003E-07
         618         438   9.99188728E-07
         619         439   9.61128421E-07
         620         440   9.24928031E-07
         621         440   9.81224844E-07
         622         441   9.41847134E-07
         623         441   9.99526151E-07
         624         442   9.61331352E-07
         625         443   9.23362734E-07
         626         443   9.79523861E-07
         627         444   9.43324324E-07
         628         444   9.99429176E-07
         629         445   9.60169700E-07
         630         446   9.23468008E-07
         631         446   9.79200536E-07
         632         447   9.40693155E-07
         633         447   9.98030600E-07
         634         448   9.61007117E-07
         635         449   9.23444702E-07
         636         449   9.78554681E-07
         637         450   9.41873338E-07
         638         450   9.97457391E-07
         639         451   9.59459499E-07
         640         452   9.23153436E-07
         641         452   9.78327307E-07
         642         453   9.40468453E-07
         643         453   9.96768563E-07
         644         454   9.57331395E-07
         645         455   9.20735715E-07
         646         455   9.75612693E-07
         647         456   9.40054235E-07
         648         456   9.95099867E-07
         649         457   9.57675184E-07
         650         458   9.18992328E-07
         651         458   9.74051090E-07
         652         459   9.37359061E-07
         653         459   9.93091021E-07
         654         460   9.54902703E-07
         655         461   9.18963394E-07
         656         461   9.72812245E-07
         657         462   9.35449862E-07
         658         462   9.90106855E-07
         659         463   9.52901758E-07
         660         464   9.16039880E-07
         661         464   9.70050905E-07
         662         465   9.34289460E-07
         663         465   9.89120963E-07
         664         466   9.50771835E-07
         665         467   9.13784788E-07
         666         467   9.68105837E-07
         667         468   9.31817908E-07
         668         468   9.86034365E-07
         669         469   9.48926584E-07
         670         470   9.11859729E-07
         671         470   9.65144977E-07
         672         471   9.28525253E-07
         673         471   9.82335905E-07
         674         472   9.44833459E-07
         675         472   9.99599365E-07
         676         473   9.62374884E-07
         677         474   9.24901713E-07
         678         474   9.78911885E-07
         679         475   9.42141867E-07
         680         475   9.96955805E-07
         681         476   9.58797159E-07
         682         477   9.23036225E-07
         683         477   9.76441015E-07
         684         478   9.37725076E-07
         685         478   9.92149808E-07
         686         479   9.55518317E-07
         687         480   9.19692354E-07
         688         480   9.72110797E-07
         689         481   9.36275626E-07
         690         481   9.90131184E-07
         691         482   9.51954405E-07
         692         483   9.15594001E-07
         693         483   9.68167910E-07
         694         484   9.31430179E-07
         695         484   9.84883968E-07
         696         485   9.46512444E-07
         697         486   9.11322275E-07
         698         486   9.63816888E-07
         699         487   9.26236567E-07
         700         487   9.79985998E-07
         701         488   9.42510326E-07
         702         488   9.96374752E-07
         703         489   9.59285444E-07
         704         490   9.22169818E-07
         705         490   9.74627824E-07
         706         491   9.38833125E-07
         707         491   9.92166065E-07
         708         492   9.54499001E-07
         709         493   9.18258706E-07
         710         493   9.70418000E-07
         711         494   9.32456601E-07
         712         494   9.85416136E-07
         713         495   9.48205809E-07
         714         496   9.11874224E-07
         715         496   9.63683306E-07
         716         497   9.29243924E-07
         717         497   9.80772711E-07
         718         498   9.43327848E-07
         719         498   9.96462973E-07
         720         499   9.59428576E-07
         721         500   9.22546064E-07
         722         500   9.74353611E-07
         723         501   9.38417202E-07
         724         501   9.91249067E-07
         725         502   9.53212236E-07
         726         503   9.17615523E-07
         727         503   9.69047278E-07
         728         504   9.33099159E-07
         729         504   9.85019597E-07
         730         505   9.47887713E-07
         731         506   9.12795201E-07
         732         506   9.63693310E-07
         733         507   9.26528799E-07
         734         507   9.77627110E-07
         735         508   9.41503743E-07
         736         508   9.94103743E-07
         737         509   9.57054681E-07
         738         510   9.20497882E-07
         739         510   9.71704139E-07
         740         511   9.35086291E-07
         741         511   9.87182375E-07
         742         512   9.50194362E-07
         743         513   9.14650229E-07
         744         513   9.65086201E-07
         745         514   9.29014334E-07
         746         514   9.80389359E-07
         747         515   9.43512873E-07
         748         515   9.95235609E-07
         749         516   9.58415967E-07
         750         517   9.22789070E-07
         751         517   9.74021759E-07
         752         518   9.35845321E-07
         753         518   9.87779913E-07
         754         519   9.49954710E-07
         755         520   9.14837187E-07
         756         520   9.64629407E-07
         757         521   9.30040528E-07
         758         521   9.80587515E-07
         759         522   9.44542762E-07
         760         522   9.95752430E-07
         761         523   9.57780571E-07
         762         524   9.22215293E-07
         763         524   9.72787120E-07
         764         525   9.36322635E-07
         765         525   9.87849830E-07
         766         526   9.50506944E-07
         767         527   9.16063073E-07
         768         527   9.65610866E-07
         769         528   9.28462271E-07
         770         528   9.79400284E-07
         771         529   9.42395275E-07
         772         529   9.93058052E-07
         773         530   9.56561166E-07
         774         531   9.21768276E-07
         775         531   9.71676855E-07
         776         532   9.33720116E-07
         777         532   9.84559165E-07
         778         533   9.48793911E-07
         779         533   9.99097324E-07
         780         534   9.61542128E-07
         781         535   9.27085409E-07
         782         535   9.76683168E-07
         783         536   9.40465213E-07
         784         536   9.90205876E-07
         785         537   9.53696144E-07
         786         538   9.18143144E-07
         787         538   9.67405867E-07
         788         539   9.31664260E-07
         789         539   9.81756784E-07
         790         540   9.45602835E-07
         791         540   9.97067787E-07
         792         541   9.58672331E-07
         793         542   9.24516314E-07
         794         542   9.72844646E-07
         795         543   9.36861738E-07
         796         543   9.86253667E-07
         797         544   9.49821811E-07
         798         545   9.14912334E-07
         799         545   9.63643743E-07
         800         546   9.28068346E-07
         801         546   9.77553213E-07
         802         547   9.41235612E-07
         803         547   9.90614694E-07
         804         548   9.54853476E-07
         805         549   9.20251807E-07
         806         549   9.67973165E-07
         807         550   9.32127591E-07
         808         550   9.81166750E-07
         809         551   9.45160991E-07
         810         551   9.95720711E-07
         811         552   9.57948714E-07
         812         553   9.23332436E-07
         813         553   9.71312716E-07
         814         554   9.35682522E-07
         815         554   9.84976396E-07
         816         555   9.48143906E-07
         817         555   9.98234214E-07
         818         556   9.62304284E-07
         819         557   9.25231063E-07
         820         557   9.73777446E-07
         821         558   9.38869277E-07
         822         558   9.88592092E-07
         823         559   9.51322818E-07
         824         560   9.16375882E-07
         825         560   9.64741162E-07
         826         561   9.30128408E-07
         827         561   9.78420644E-07
         828         562   9.42227302E-07
         829         562   9.90676654E-07
         830         563   9.53637709E-07
         831         564   9.19695424E-07
         832         564   9.66718403E-07
         833         565   9.32051535E-07
         834         565   9.80426876E-07
         835         566   9.43954944E-07
         836         566   9.93038384E-07
         837         567   9.56127224E-07
         838         568   9.22135200E-07
         839         568   9.69541020E-07
         840         569   9.34670368E-07
         841         569   9.82408665E-07
         842         570   9.46283990E-07
         843         570   9.95113510E-07
         844         571   9.58599458E-07
         845         572   9.24788367E-07
         846         572   9.72404678E-07
         847         573   9.36168874E-07
         848         573   9.84067697E-07
         849         574   9.48252136E-07
         850         574   9.95925348E-07
         851         575   9.60487796E-07
         852         576   9.25154438E-07
         853         576   9.73202759E-07
         854         577   9.37308869E-07
         855         577   9.85494580E-07
         856         578   9.49551804E-07
         857         578   9.98699647E-07
         858         579   9.61425940E-07
         859         580   9.26931023E-07
         860         580   9.73357146E-07
         861         581   9.38310279E-07
         862         581   9.86565738E-07
         863         582   9.50010929E-07
         864         582   9.98595169E-07
         865         583   9.62611807E-07
         866         584   9.27000315E-07
         867         584   9.73709689E-07
         868         585   9.39526331E-07
         869         585   9.86860300E-07
         870         586   9.51254776E-07
         871         586   9.98442601E-07
         872         587   9.63742650E-07
         873         588   9.28010309E-07
         874         588   9.74962632E-07
         875         589   9.40697191E-07
         876         589   9.87912472E-07
         877         590   9.51460379E-07
         878         590   9.98805717E-07
         879         591   9.63127150E-07
         880         592   9.28722443E-07
         881         592   9.75991725E-07
         882         593   9.39888821E-07
         883         593   9.87012413E-07
         884         594   9.50069023E-07
         885         594   9.98197038E-07
         886         595   9.63660909E-07
         887         596   9.27631163E-07
         888         596   9.73375109E-07
         889         597   9.39110294E-07
         890         597   9.86452051E-07
         891         598   9.51337540E-07
         892         598   9.98236942E-07
         893         599   9.61812248E-07
         894         600   9.26938071E-07
         895         600   9.73396595E-07
         896         601   9.38604558E-07
         897         601   9.85191832E-07
         898         602   9.50495519E-07
         899         602   9.98002179E-07
         900         603   9.61862042E-07
         901         604   9.26806081E-07
         902         604   9.72511884E-07
         903         605   9.37717004E-07
         904         605   9.84093731E-07
         905         606   9.50579590E-07
         906         606   9.96894755E-07
         907         607   9.59914473E-07
         908         608   9.26244411E-07
         909         608   9.72203111E-07
         910         609   9.37698474E-07
         911         609   9.84059284E-07
         912         610   9.47085994E-07
         913         610   9.95004029E-07
         914         611   9.59255203E-07
         915         612   9.24905180E-07
         916         612   9.71025543E-07
         917         613   9.35973787E-07
         918         613   9.81326366E-07
         919         614   9.46527621E-07
         920         614   9.92692890E-07
         921         615   9.57536827E-07
         922         616   9.22223535E-07
         923         616   9.67589017E-07
         924         617   9.33838351E-07
         925         617   9.79951324E-07
         926         618   9.43440284E-07
         927         618   9.89585828E-07
         928         619   9.56439067E-07
         929         620   9.22807260E-07
         930         620   9.66722496E-07
         931         621   9.32512876E-07
         932         621   9.77207719E-07
         933         622   9.42373504E-07
         934         622   9.88618126E-07
         935         623   9.53756171E-07
         936         624   9.20016646E-07
         937         624   9.64749916E-07
         938         625   9.31288525E-07
         939         625   9.76128717E-07
         940         626   9.40395807E-07
         941         626   9.86395662E-07
         942         627   9.51578215E-07
         943         627   9.97277311E-07
         944         628   9.62202421E-07
         945         629   9.29022406E-07
         946         629   9.73279498E-07
         947         630   9.37901234E-07
         948         630   9.82738811E-07
         949         631   9.48781349E-07
         950         631   9.94180823E-07
         951         632   9.58823875E-07
         952         633   9.25052859E-07
         953         633   9.69888333E-07
         954         634   9.35081687E-07
         955         634   9.80334107E-07
         956         635   9.46339640E-07
         957         635   9.91576030E-07
         958         636   9.55426913E-07
         959         637   9.22400488E-07
         960         637   9.66190441E-07
         961         638   9.32095872E-07
         962         638   9.76335514E-07
         963         639   9.42705185E-07
         964         639   9.86865530E-07
         965         640   9.52287621E-07
         966         640   9.97434540E-07
         967         641   9.63657158E-07
         968         642   9.28603356E-07
         969         642   9.72310431E-07
         970         643   9.40147856E-07
         971         643   9.84300073E-07
         972         644   9.48697448E-07
         973         644   9.94033599E-07
         974         645   9.59408681E-07
         975         646   9.25598044E-07
         976         646   9.69098210E-07
         977         647   9.35552919E-07
         978         647   9.79539436E-07
         979         648   9.44924693E-07
         980         648   9.89699174E-07
         981         649   9.55179530E-07
         982         650   9.21667436E-07
         983         650   9.64883611E-07
         984         651   9.31130899E-07
         985         651   9.74788804E-07
         986         652   9.41863277E-07
         987         652   9.86303462E-07
         988         653   9.52302798E-07
         989         653   9.96964559E-07
         990         654   9.59955059E-07
         991         655   9.28572206E-07
         992         655   9.72051453E-07
         993         656   9.36538413E-07
         994         656   9.80853088E-07
         995         657   9.47452406E-07
         996         657   9.92104447E-07
         997         658   9.56707481E-07
         998         659   9.23374728E-07
         999         659   9.67554911E-07
        1000         660   9.33017247E-07
        1001         660   9.76712727E-07
        1002         661   9.42697284E-07
        1003         661   9.86597684E-07
        1004         662   9.52768517E-07
        1005         662   9.97225357E-07
        1006         663   9.62859644E-07
        1007         664   9.28404575E-07
        1008         664   9.71530312E-07
        1009         665   9.38931862E-07
        1010         665   9.82701522E-07
        1011         666   9.47955982E-07
        1012         666   9.91971774E-07
        1013         667   9.57358225E-07
        1014         668   9.25567633E-07
        1015         668   9.69051371E-07
        1016         669   9.34014622E-07
        1017         669   9.77135187E-07
        1018         670   9.43744169E-07
        1019         670   9.87529120E-07
        1020         671   9.53688186E-07
        1021         671   9.97674874E-07
        1022         672   9.63163529E-07
        1023         673   9.29424800E-07
        1024         673   9.72364887E-07
        1025         674   9.38547657E-07
        1026         674   9.81866037E-07
        1027         675   9.47552621E-07
        1028         675   9.91074330E-07
        1029         676   9.56870622E-07
        1030         677   9.24568269E-07
        1031         677   9.67552523E-07
        1032         678   9.33753370E-07
        1033         678   9.77110517E-07
        1034         679   9.42586155E-07
        1035         679   9.85684437E-07
        1036         680   9.51449465E-07
        1037         680   9.94643983E-07
        1038         681   9.61742444E-07
        1039         682   9.28101827E-07
        1040         682   9.70297720E-07
        1041         683   9.37623952E-07
        1042         683   9.80013965E-07
        1043         684   9.46411149E-07
        1044         684   9.89746013E-07
        1045         685   9.56212034E-07
        1046         685   9.99654731E-07
        1047         686   9.65909976E-07
        1048         687   9.32204784E-07
        1049         687   9.74897944E-07
        1050         688   9.41323208E-07
        1051         688   9.83442874E-07
        1052         689   9.50172705E-07
        1053         689   9.93418325E-07
        1054         690   9.60185616E-07
        1055         691   9.27329154E-07
        1056         691   9.69707912E-07
        1057         692   9.35689059E-07
        1058         692   9.77788886E-07
        1059         693   9.43750649E-07
        1060         693   9.86648956E-07
        1061         694   9.53338144E-07
        1062         694   9.96216045E-07
        1063         695   9.63454568E-07
        1064         696   9.29880912E-07
        1065         696   9.71389682E-07
        1066         697   9.38083701E-07
        1067         697   9.80531581E-07
        1068         698   9.48379977E-07
        1069         698   9.90697345E-07
        1070         699   9.56228632E-07
        1071         699   9.99059239E-07
        1072         700   9.64928631E-07
        1073         701   9.34356933E-07
        1074         701   9.76158162E-07
        1075         702   9.41413589E-07
        1076         702   9.84119765E-07
        1077         703   9.52202583E-07
        1078         703   9.94028369E-07
        1079         704   9.59407316E-07
        1080         705   9.26944381E-07
        1081         705   9.68659606E-07
        1082         706   9.36306890E-07
        1083         706   9.77766035E-07
        1084         707   9.44589317E-07
        1085         707   9.86108034E-07
        1086         708   9.53162498E-07
        1087         708   9.95312234E-07
        1088         709   9.63713319E-07
        1089         710   9.29134501E-07
        1090         710   9.69967232E-07
        1091         711   9.38180165E-07
        1092         711   9.79595598E-07
        1093         712   9.46417742E-07
        1094         712   9.87811518E-07
        1095         713   9.55926566E-07
        1096         713   9.98367796E-07
        1097         714   9.63929324E-07
        1098         715   9.32122930E-07
        1099         715   9.73939223E-07
        1100         716   9.39149572E-07
        1101         716   9.80689833E-07
        1102         717   9.48362583E-07
        1103         717   9.90312287E-07
        1104         718   9.56412350E-07
        1105         718   9.98758196E-07
        1106         719   9.64942728E-07
        1107         720   9.33113256E-07
        1108         720   9.74309501E-07
        1109         721   9.42038525E-07
        1110         721   9.83274163E-07
        1111         722   9.50142180E-07
        1112         722   9.91472803E-07
        1113         723   9.58127089E-07
        1114         723   9.99846407E-07
        1115         724   9.67248070E-07
        1116         725   9.35479022E-07
        1117         725   9.75873718E-07
        1118         726   9.42471047E-07
        1119         726   9.83901373E-07
        1120         727   9.51331060E-07
        1121         727   9.92754849E-07
        1122         728   9.59114573E-07
        1123         729   9.27862004E-07
        1124         729   9.67778192E-07
        1125         730   9.35262904E-07
        1126         730   9.76500701E-07
        1127         731   9.45064869E-07
        1128         731   9.86137252E-07
        1129         732   9.51802747E-07
        1130         732   9.93584763E-07
        1131         733   9.60886041E-07
        1132         734   9.28892689E-07
        1133         734   9.69466782E-07
        1134         735   9.36963716E-07
        1135         735   9.77829814E-07
        1136         736   9.44880071E-07
        1137         736   9.86426016E-07
        1138         737   9.52743619E-07
        1139         737   9.94496418E-07
        1140         738   9.61382739E-07
        1141         739   9.29144960E-07
        1142         739   9.69404937E-07
        1143         740   9.38646053E-07
        1144         740   9.78756930E-07
        1145         741   9.45116540E-07
        1146         741   9.86308464E-07
        1147         742   9.54542202E-07
        1148         742   9.95444907E-07
        1149         743   9.61299065E-07
        1150         744   9.29330838E-07
        1151         744   9.69625489E-07
        1152         745   9.37824836E-07
        1153         745   9.78591174E-07
        1154         746   9.46389775E-07
        1155         746   9.86568693E-07
        1156         747   9.54413849E-07
        1157         747   9.94989591E-07
        1158         748   9.62560875E-07
        1159         749   9.30788531E-07
        1160         749   9.70719611E-07
        1161         750   9.38637470E-07
        1162         750   9.78871981E-07
        1163         751   9.46515570E-07
        1164         751   9.86858367E-07
        1165         752   9.54576990E-07
        1166         752   9.94954007E-07
        1167         753   9.62515514E-07
        1168         754   9.30073384E-07
        1169         754   9.69803182E-07
        1170         755   9.39221309E-07
        1171         755   9.79105266E-07
        1172         756   9.46229250E-07
        1173         756   9.85765837E-07
        1174         757   9.54805046E-07
        1175         757   9.95425239E-07
        1176         758   9.62898639E-07
        1177         759   9.31234865E-07
        1178         759   9.70838187E-07
        1179         760   9.37680227E-07
        1180         760   9.77839591E-07
        1181         761   9.46465377E-07
        1182         761   9.86298460E-07
        1183         762   9.54198299E-07
        1184         762   9.94990046E-07
        1185         763   9.62402851E-07
        1186         764   9.31519935E-07
        1187         764   9.70700398E-07
        1188         765   9.38058918E-07
        1189         765   9.78244884E-07
        1190         766   9.46169166E-07
        1191         766   9.85707970E-07
        1192         767   9.55379051E-07
        1193         767   9.94985271E-07
        1194         768   9.62177069E-07
        1195         769   9.30437523E-07
        1196         769   9.69991902E-07
        1197         770   9.38098651E-07
        1198         770   9.78530352E-07
        1199         771   9.46238970E-07
        1200         771   9.86306645E-07
        1201         772   9.52249025E-07
        1202         772   9.92552827E-07
        1203         773   9.60837497E-07
        1204         774   9.29459361E-07
        1205         774   9.69435632E-07
        1206         775   9.37485538E-07
        1207         775   9.76706929E-07
        1208         776   9.45495799E-07
        1209         776   9.84298481E-07
        1210         777   9.51675929E-07
        1211         777   9.90794888E-07
        1212         778   9.59101385E-07
        1213         778   9.99584699E-07
        1214         779   9.68182576E-07
        1215         780   9.34973400E-07
        1216         780   9.74234013E-07
        1217         781   9.44508827E-07
        1218         781   9.83114319E-07
        1219         782   9.50133767E-07
        1220         782   9.90131070E-07
        1221         783   9.59035106E-07
        1222         783   9.98670998E-07
        1223         784   9.65746835E-07
        1224         785   9.34812419E-07
        1225         785   9.74136810E-07
        1226         786   9.43351097E-07
        1227         786   9.82375582E-07
        1228         787   9.49444654E-07
        1229         787   9.88410989E-07
        1230         788   9.56752842E-07
        1231         788   9.96216045E-07
        1232         789   9.64561082E-07
        1233         790   9.32229739E-07
        1234         790   9.70927886E-07
        1235         791   9.40396319E-07
        1236         791   9.79035235E-07
        1237         792   9.48382706E-07
        1238         792   9.87243766E-07
        1239         793   9.54575626E-07
        1240         793   9.94014954E-07
        1241         794   9.62842137E-07
        1242         795   9.31046543E-07
        1243         795   9.69387543E-07
        1244         796   9.38014580E-07
        1245         796   9.76532192E-07
        1246         797   9.46118575E-07
        1247         797   9.85105544E-07
        1248         798   9.53111169E-07
        1249         798   9.92470632E-07
        1250         799   9.60358420E-07
        1251         800   9.29216526E-07
        1252         800   9.67942697E-07
        1253         801   9.37657717E-07
        1254         801   9.76595970E-07
        1255         802   9.43563975E-07
        1256         802   9.82215738E-07
        1257         803   9.50756089E-07
        1258         803   9.89826049E-07
        1259         804   9.58923692E-07
        1260         804   9.98221481E-07
        1261         805   9.66274001E-07
        1262         806   9.34829586E-07
        1263         806   9.73165811E-07
        1264         807   9.42289830E-07
        1265         807   9.80993946E-07
        1266         808   9.49271509E-07
        1267         808   9.88064471E-07
        1268         809   9.56726581E-07
        1269         809   9.96206609E-07
        1270         810   9.63167622E-07
        1271         811   9.32454725E-07
        1272         811   9.69857069E-07
        1273         812   9.39682593E-07
        1274         812   9.78327421E-07
        1275         813   9.47317517E-07
        1276         813   9.85598035E-07
        1277         814   9.53501512E-07
        1278         814   9.92836704E-07
        1279         815   9.61354431E-07
        1280         816   9.30681551E-07
        1281         816   9.68038080E-07
        1282         817   9.37971947E-07
        1283         817   9.76451702E-07
        1284         818   9.45173383E-07
        1285         818   9.83967993E-07
        1286         819   9.52566836E-07
        1287         819   9.91679599E-07
        1288         820   9.60372404E-07
        1289         820   9.99188728E-07
        1290         821   9.66981247E-07
        1291         822   9.35696391E-07
        1292         822   9.73336796E-07
        1293         823   9.43553232E-07
        1294         823   9.81926860E-07
        1295         824   9.50552248E-07
        1296         824   9.88481929E-07
        1297         825   9.56524104E-07
        1298         825   9.94703328E-07
        1299         826   9.63618163E-07
        1300         827   9.33466197E-07
        1301         827   9.70547717E-07
        1302         828   9.40338111E-07
        1303         828   9.78052753E-07
        1304         829   9.47007322E-07
        1305         829   9.85028350E-07
        1306         830   9.54365078E-07
        1307         830   9.92027367E-07
        1308         831   9.60694592E-07
        1309         831   9.99443614E-07
        1310         832   9.68058430E-07
        1311         833   9.38369510E-07
        1312         833   9.75266971E-07
        1313         834   9.43487066E-07
        1314         834   9.81286348E-07
        1315         835   9.51515972E-07
        1316         835   9.89237037E-07
        1317         836   9.58250780E-07
        1318         836   9.96709787E-07
        1319         837   9.65208756E-07
        1320         838   9.34624836E-07
        1321         838   9.71725171E-07
        1322         839   9.41798874E-07
        1323         839   9.79416882E-07
        1324         840   9.48757986E-07
        1325         840   9.86110877E-07
        1326         841   9.54799816E-07
        1327         841   9.92534410E-07
        1328         842   9.61654450E-07
        1329         843   9.31984914E-07
        1330         843   9.68964969E-07
        1331         844   9.38018502E-07
        1332         844   9.75555963E-07
        1333         845   9.45511090E-07
        1334         845   9.82834536E-07
        1335         846   9.51924619E-07
        1336         846   9.89702130E-07
        1337         847   9.58414944E-07
        1338         847   9.96235030E-07
        1339         848   9.65781055E-07
        1340         849   9.35576736E-07
        1341         849   9.72568955E-07
        1342         850   9.41500673E-07
        1343         850   9.78359139E-07
        1344         851   9.48600245E-07
        1345         851   9.85965357E-07
        1346         852   9.55460109E-07
        1347         852   9.93522917E-07
        1348         853   9.62053491E-07
        1349         853   9.99542522E-07
        1350         854   9.68816835E-07
        1351         855   9.38749736E-07
        1352         855   9.75754688E-07
        1353         856   9.45354202E-07
        1354         856   9.82468123E-07
        1355         857   9.52330765E-07
        1356         857   9.89111868E-07
        1357         858   9.58224746E-07
        1358         858   9.95707751E-07
        1359         859   9.64906008E-07
        1360         860   9.35645119E-07
        1361         860   9.71957320E-07
        1362         861   9.41169162E-07
        1363         861   9.78420871E-07
        1364         862   9.47417050E-07
        1365         862   9.84635108E-07
        1366         863   9.54659413E-07
        1367         863   9.91979618E-07
        1368         864   9.61127171E-07
        1369         864   9.98777978E-07
        1370         865   9.67735446E-07
        1371         866   9.38644462E-07
        1372         866   9.75092121E-07
        1373         867   9.44535657E-07
        1374         867   9.81073867E-07
        1375         868   9.52437119E-07
        1376         868   9.89219416E-07
        1377         869   9.58109922E-07
        1378         869   9.95061100E-07
        1379         870   9.64342462E-07
        1380         871   9.34250522E-07
        1381         871   9.70601377E-07
        1382         872   9.40566053E-07
        1383         872   9.77378818E-07
        1384         873   9.47768228E-07
        1385         873   9.84707185E-07
        1386         874   9.53526410E-07
        1387         874   9.90124477E-07
        1388         875   9.60542593E-07
        1389         875   9.97551183E-07
        1390         876   9.66799462E-07
        1391         877   9.37438870E-07
        1392         877   9.73402848E-07
        1393         878   9.44173564E-07
        1394         878   9.79752485E-07
        1395         879   9.49577952E-07
        1396         879   9.86404643E-07
        1397         880   9.56283543E-07
        1398         880   9.93135131E-07
        1399         881   9.63569619E-07
        1400         882   9.32720297E-07
        1401         882   9.68981340E-07
        1402         883   9.38961932E-07
        1403         883   9.75260377E-07
        1404         884   9.45711292E-07
        1405         884   9.82268830E-07
        1406         885   9.51766879E-07
        1407         885   9.88072316E-07
        1408         886   9.58978262E-07
        1409         886   9.95832920E-07
        1410         887   9.63581670E-07
        1411         888   9.34729712E-07
        1412         888   9.70472911E-07
        1413         889   9.41243002E-07
        1414         889   9.77406444E-07
        1415         890   9.47536762E-07
        1416         890   9.83724135E-07
        1417         891   9.54042662E-07
        1418         891   9.90322064E-07
        1419         892   9.60071702E-07
        1420         892   9.96369067E-07
        1421         893   9.66495918E-07
        1422         894   9.37236621E-07
        1423         894   9.72657745E-07
        1424         895   9.43489454E-07
        1425         895   9.79401079E-07
        1426         896   9.49304990E-07
        1427         896   9.85562224E-07
        1428         897   9.55578571E-07
        1429         897   9.92135483E-07
        1430         898   9.61553496E-07
        1431         898   9.98538439E-07
        1432         899   9.67536039E-07
        1433         900   9.38572896E-07
        1434         900   9.74268005E-07
        1435         901   9.44563965E-07
        1436         901   9.80176083E-07
        1437         902   9.50360061E-07
        1438         902   9.86437726E-07
        1439         903   9.57497605E-07
        1440         903   9.93637286E-07
        1441         904   9.63661591E-07
        1442         904   9.99364033E-07
        1443         905   9.69305006E-07
        1444         906   9.40256825E-07
        1445         906   9.75834041E-07
        1446         907   9.46679449E-07
        1447         907   9.82218126E-07
        1448         908   9.52154892E-07
        1449         908   9.88209649E-07
        1450         909   9.59026806E-07
        1451         909   9.95046321E-07
        1452         910   9.65601089E-07
        1453         911   9.35803314E-07
        1454         911   9.71383770E-07
        1455         912   9.41226574E-07
        1456         912   9.76485239E-07
        1457         913   9.48116224E-07
        1458         913   9.84038024E-07
        1459         914   9.53869517E-07
        1460         914   9.89409159E-07
        1461         915   9.59577505E-07
        1462         915   9.95234473E-07
        1463         916   9.65593017E-07
        1464         917   9.35960827E-07
        1465         917   9.71248141E-07
        1466         918   9.42941938E-07
        1467         918   9.77979994E-07
        1468         919   9.48365141E-07
        1469         919   9.84134999E-07
        1470         920   9.53275674E-07
        1471         920   9.89038313E-07
        1472         921   9.60935949E-07
        1473         921   9.96884864E-07
        1474         922   9.66703965E-07
        1475         923   9.37347352E-07
        1476         923   9.72604425E-07
        1477         924   9.43642306E-07
        1478         924   9.78982030E-07
        1479         925   9.49322157E-07
        1480         925   9.84682401E-07
        1481         926   9.55402129E-07
        1482         926   9.90783178E-07
        1483         927   9.61324645E-07
        1484         927   9.96584617E-07
        1485         928   9.66789003E-07
        1486         929   9.38246615E-07
        1487         929   9.73459578E-07
        1488         930   9.43792770E-07
        1489         930   9.78751359E-07
        1490         931   9.49588184E-07
        1491         931   9.84214125E-07
        1492         932   9.56302983E-07
        1493         932   9.91439606E-07
        1494         933   9.61791557E-07
        1495         933   9.97702955E-07
        1496         934   9.67419282E-07
        1497         935   9.38491098E-07
        1498         935   9.73365900E-07
        1499         936   9.44748990E-07
        1500         936   9.79953256E-07
        1501         937   9.50567028E-07
        1502         937   9.85613838E-07
        1503         938   9.56984081E-07
        1504         938   9.92202331E-07
        1505         939   9.61776891E-07
        1506         939   9.97114853E-07
        1507         940   9.67795586E-07
        1508         941   9.39514280E-07
        1509         941   9.74771638E-07
        1510         942   9.45260069E-07
        1511         942   9.79858441E-07
        1512         943   9.50780304E-07
        1513         943   9.85755605E-07
        1514         944   9.57749648E-07
        1515         944   9.93103185E-07
        1516         945   9.62486411E-07
        1517         945   9.98044811E-07
        1518         946   9.68161885E-07
        1519         947   9.40105906E-07
        1520         947   9.74426712E-07
        1521         948   9.45766601E-07
        1522         948   9.80144819E-07
        1523         949   9.51035645E-07
        1524         949   9.85874635E-07
        1525         950   9.57295356E-07
        1526         950   9.92117862E-07
        1527         951   9.63732646E-07
        1528         951   9.98757855E-07
        1529         952   9.68235327E-07
        1530         953   9.40852544E-07
        1531         953   9.74696832E-07
        1532         954   9.45978741E-07
        1533         954   9.80365485E-07
        1534         955   9.51754544E-07
        1535         955   9.86478199E-07
        1536         956   9.57252155E-07
        1537         956   9.91964157E-07
        1538         957   9.62729928E-07
        1539         957   9.97701591E-07
        1540         958   9.69541247E-07
        1541         959   9.40842767E-07
        1542         959   9.74774593E-07
        1543         960   9.45980787E-07
        1544         960   9.80622303E-07
        1545         961   9.51826962E-07
        1546         961   9.86305849E-07
        1547         962   9.57894258E-07
        1548         962   9.92172431E-07
        1549         963   9.63249818E-07
        1550         963   9.97705797E-07
        1551         964   9.68642780E-07
        1552         965   9.39997676E-07
        1553         965   9.73855890E-07
        1554         966   9.46081684E-07
        1555         966   9.80212803E-07
        1556         967   9.52005507E-07
        1557         967   9.86203872E-07
        1558         968   9.57462021E-07
        1559         968   9.91622528E-07
        1560         969   9.63459115E-07
        1561         969   9.97759685E-07
        1562         970   9.68657559E-07
        1563         971   9.40218627E-07
        1564         971   9.74200930E-07
        1565         972   9.45788145E-07
        1566         972   9.79085144E-07
        1567         973   9.52351002E-07
        1568         973   9.85736847E-07
        1569         974   9.56921781E-07
        1570         974   9.91061370E-07
        1571         975   9.62680701E-07
        1572         975   9.97241159E-07
        1573         976   9.68743052E-07
        1574         977   9.39942367E-07
        1575         977   9.73187525E-07
        1576         978   9.44909289E-07
        1577         978   9.78839125E-07
        1578         979   9.51670643E-07
        1579         979   9.85419433E-07
        1580         980   9.55649284E-07
        1581         980   9.90075819E-07
        1582         981   9.62423769E-07
        1583         981   9.96495260E-07
        1584         982   9.67316623E-07
        1585         983   9.39713914E-07
        1586         983   9.72906832E-07
        1587         984   9.45312365E-07
        1588         984   9.79118681E-07
        1589         985   9.50021047E-07
        1590         985   9.83569066E-07
        1591         986   9.55736482E-07
        1592         986   9.89797741E-07
        1593         987   9.61382284E-07
        1594         987   9.95227651E-07
        1595         988   9.66938728E-07
        1596         989   9.38883545E-07
        1597         989   9.72197995E-07
        1598         990   9.44721137E-07
        1599         990   9.78051162E-07
        1600         991   9.50130470E-07
        1601         991   9.83601694E-07
        1602         992   9.54929192E-07
        1603         992   9.88402348E-07
        1604         993   9.60677653E-07
        1605         993   9.94615448E-07
        1606         994   9.65997629E-07
        1607         994   9.99825829E-07
        1608         995   9.71652867E-07
        1609         996   9.43398959E-07
        1610         996   9.76465685E-07
        1611         997   9.49190905E-07
        1612         997   9.82846586E-07
        1613         998   9.54263101E-07
        1614         998   9.88017518E-07
        1615         999   9.59268391E-07
        1616         999   9.93173330E-07
        1617        1000   9.64926357E-07
        1618        1000   9.98669407E-07
        1619        1001   9.70140263E-07
        1620        1002   9.42274824E-07
        1621        1002   9.75607691E-07
        1622        1003   9.48298407E-07
        1623        1003   9.81255539E-07
        1624        1004   9.53129074E-07
        1625        1004   9.86664304E-07
        1626        1005   9.57698148E-07
        1627        1005   9.91368324E-07
        1628        1006   9.63984348E-07
        1629        1006   9.97338475E-07
        1630        1007   9.69027951E-07
        1631        1008   9.41275175E-07
        1632        1008   9.73985152E-07
        1633        1009   9.47500439E-07
        1634        1009   9.80368782E-07
        1635        1010   9.51193044E-07
        1636        1010   9.84306212E-07
        1637        1011   9.57019552E-07
        1638        1011   9.90667104E-07
        1639        1012   9.62201625E-07
        1640        1012   9.95625214E-07
        1641        1013   9.67688266E-07
        1642        1014   9.40062307E-07
        1643        1014   9.72997896E-07
        1644        1015   9.45914053E-07
        1645        1015   9.78557864E-07
        1646        1016   9.50103583E-07
        1647        1016   9.83272912E-07
        1648        1017   9.55599035E-07
        1649        1017   9.88789793E-07
        1650        1018   9.61436967E-07
        1651        1018   9.94532002E-07
        1652        1019   9.66736820E-07
        1653        1019   9.99839585E-07
        1654        1020   9.71459372E-07
        1655        1021   9.44249678E-07
        1656        1021   9.77465220E-07
        1657        1022   9.50146386E-07
        1658        1022   9.82748929E-07
        1659        1023   9.54308007E-07
        1660        1023   9.87230351E-07
        1661        1024   9.59635940E-07
        1662        1024   9.92871264E-07
        1663        1025   9.65306526E-07
        1664        1025   9.98473524E-07
        1665        1026   9.70063525E-07
        1666        1027   9.42597978E-07
        1667        1027   9.75208536E-07
        1668        1028   9.47388344E-07
        1669        1028   9.79707920E-07
        1670        1029   9.53744461E-07
        1671        1029   9.86711370E-07
        1672        1030   9.58405167E-07
        1673        1030   9.91063303E-07
        1674        1031   9.63115667E-07
        1675        1031   9.96104177E-07
        1676        1032   9.68484414E-07
        1677        1033   9.40386371E-07
        1678        1033   9.72950829E-07
        1679        1034   9.45894726E-07
        1680        1034   9.78654043E-07
        1681        1035   9.51560992E-07
        1682        1035   9.83538257E-07
        1683        1036   9.56099143E-07
        1684        1036   9.88879492E-07
        1685        1037   9.61384558E-07
        1686        1037   9.94616016E-07
        1687        1038   9.66137122E-07
        1688        1038   9.99238068E-07
        1689        1039   9.71542136E-07
        1690        1040   9.44925148E-07
        1691        1040   9.77261607E-07
        1692        1041   9.49475861E-07
        1693        1041   9.82141387E-07
        1694        1042   9.54539018E-07
        1695        1042   9.86712621E-07
        1696        1043   9.58998385E-07
        1697        1043   9.91779871E-07
        1698        1044   9.64513902E-07
        1699        1044   9.97069378E-07
        1700        1045   9.69124471E-07
        1701        1046   9.42675911E-07
        1702        1046   9.74472528E-07
        1703        1047   9.47160459E-07
        1704        1047   9.79083666E-07
        1705        1048   9.52286655E-07
        1706        1048   9.84269377E-07
        1707        1049   9.57205771E-07
        1708        1049   9.89587534E-07
        1709        1050   9.61374099E-07
        1710        1050   9.94415586E-07
        1711        1051   9.68431664E-07
        1712        1052   9.40608288E-07
        1713        1052   9.72161729E-07
        1714        1053   9.45346301E-07
        1715        1053   9.77713512E-07
        1716        1054   9.50202775E-07
        1717        1054   9.82379674E-07
        1718        1055   9.54777192E-07
        1719        1055   9.87386102E-07
        1720        1056   9.59985300E-07
        1721        1056   9.92591026E-07
        1722        1057   9.64862124E-07
        1723        1057   9.97561642E-07
        1724        1058   9.69960865E-07
        1725        1059   9.43024759E-07
        1726        1059   9.75652029E-07
        1727        1060   9.48234288E-07
        1728        1060   9.80433128E-07
        1729        1061   9.52530797E-07
        1730        1061   9.84572580E-07
        1731        1062   9.58460305E-07
        1732        1062   9.90757144E-07
        1733        1063   9.62938202E-07
        1734        1063   9.95257892E-07
        1735        1064   9.67012056E-07
        1736        1064   9.99894610E-07
        1737        1065   9.72838961E-07
        1738        1066   9.45727550E-07
        1739        1066   9.77250124E-07
        1740        1067   9.50859601E-07
        1741        1067   9.82752340E-07
        1742        1068   9.55798782E-07
        1743        1068   9.87473868E-07
        1744        1069   9.59951535E-07
        1745        1069   9.92541118E-07
        1746        1070   9.65462732E-07
        1747        1070   9.97937832E-07
        1748        1071   9.70468818E-07
        1749        1072   9.42878330E-07
        1750        1072   9.74156478E-07
        1751        1073   9.48374804E-07
        1752        1073   9.80585241E-07
        1753        1074   9.52194625E-07
        1754        1074   9.84437293E-07
        1755        1075   9.57804787E-07
        1756        1075   9.89764885E-07
        1757        1076   9.62976856E-07
        1758        1076   9.95129085E-07
        1759        1077   9.67789560E-07
        1760        1078   9.40782513E-07
        1761        1078   9.72103976E-07
        1762        1079   9.45950660E-07
        1763        1079   9.77008995E-07
        1764        1080   9.50476533E-07
        1765        1080   9.81933226E-07
        1766        1081   9.55513883E-07
        1767        1081   9.87504791E-07
        1768        1082   9.59521913E-07
        1769        1082   9.90814897E-07
        1770        1083   9.64985134E-07
        1771        1083   9.97049824E-07
        1772        1084   9.69452799E-07
        1773        1085   9.42943529E-07
        1774        1085   9.74106229E-07
        1775        1086   9.47299498E-07
        1776        1086   9.79237484E-07
        1777        1087   9.52741345E-07
        1778        1087   9.84816438E-07
        1779        1088   9.57130396E-07
        1780        1088   9.88757165E-07
        1781        1089   9.62203558E-07
        1782        1089   9.93737672E-07
        1783        1090   9.67126084E-07
        1784        1090   9.99239660E-07
        1785        1091   9.71986196E-07
        1786        1092   9.44818396E-07
        1787        1092   9.76248202E-07
        1788        1093   9.49840228E-07
        1789        1093   9.81487233E-07
        1790        1094   9.54324491E-07
        1791        1094   9.86196710E-07
        1792        1095   9.59566137E-07
        1793        1095   9.91318075E-07
        1794        1096   9.63950015E-07
        1795        1096   9.95924211E-07
        1796        1097   9.68710651E-07
        1797        1098   9.42532608E-07
        1798        1098   9.73215492E-07
        1799        1099   9.47216961E-07
        1800        1099   9.78571393E-07
        1801        1100   9.50692993E-07
        1802        1100   9.81883090E-07
        1803        1101   9.56145641E-07
        1804        1101   9.87465796E-07
        1805        1102   9.60704938E-07
        1806        1102   9.92411856E-07
        1807        1103   9.65239906E-07
        1808        1103   9.96908398E-07
        1809        1104   9.69975986E-07
        1810        1105   9.43762643E-07
        1811        1105   9.74564955E-07
        1812        1106   9.48725130E-07
        1813        1106   9.79178708E-07
        1814        1107   9.53709673E-07
        1815        1107   9.84613735E-07
        1816        1108   9.58414034E-07
        1817        1108   9.89807518E-07
        1818        1109   9.62110107E-07
        1819        1109   9.93708113E-07
        1820        1110   9.67579354E-07
        1821        1110   9.98774794E-07
        1822        1111   9.72007001E-07
        1823        1112   9.45908027E-07
        1824        1112   9.76730007E-07
        1825        1113   9.50587378E-07
        1826        1113   9.81378435E-07
        1827        1114   9.54903498E-07
        1828        1114   9.86114514E-07
        1829        1115   9.59365707E-07
        1830        1115   9.90634589E-07
        1831        1116   9.63823368E-07
        1832        1116   9.95068945E-07
        1833        1117   9.68653239E-07
        1834        1118   9.42612473E-07
        1835        1118   9.73631927E-07
        1836        1119   9.47073659E-07
        1837        1119   9.77926788E-07
        1838        1120   9.51637219E-07
        1839        1120   9.82015877E-07
        1840        1121   9.56216240E-07
        1841        1121   9.86685791E-07
        1842        1122   9.61020419E-07
        1843        1122   9.91968932E-07
        1844        1123   9.64892251E-07
        1845        1123   9.96010499E-07
        1846        1124   9.69903226E-07
        1847        1125   9.44582609E-07
        1848        1125   9.75057560E-07
        1849        1126   9.49101945E-07
        1850        1126   9.79519996E-07
        1851        1127   9.52819732E-07
        1852        1127   9.83866471E-07
        1853        1128   9.57378916E-07
        1854        1128   9.87769113E-07
        1855        1129   9.62571789E-07
        1856        1129   9.93491085E-07
        1857        1130   9.66627226E-07
        1858        1130   9.97910888E-07
        1859        1131   9.71364784E-07
        1860        1132   9.45349996E-07
        1861        1132   9.75798343E-07
        1862        1133   9.50226308E-07
        1863        1133   9.80953246E-07
        1864        1134   9.54055395E-07
        1865        1134   9.84879421E-07
        1866        1135   9.59701765E-07
        1867        1135   9.89983164E-07
        1868        1136   9.62503350E-07
        1869        1136   9.93786330E-07
        1870        1137   9.67843107E-07
        1871        1137   9.99140866E-07
        1872        1138   9.72215730E-07
        1873        1139   9.47152728E-07
        1874        1139   9.77268655E-07
        1875        1140   9.50844935E-07
        1876        1140   9.81615926E-07
        1877        1141   9.55347673E-07
        1878        1141   9.85611450E-07
        1879        1142   9.59573072E-07
        1880        1142   9.90334684E-07
        1881        1143   9.64907144E-07
        1882        1143   9.95774712E-07
        1883        1144   9.68715540E-07
        1884        1144   9.99479767E-07
        1885        1145   9.73176611E-07
        1886        1146   9.47469289E-07
        1887        1146   9.77630066E-07
        1888        1147   9.52200992E-07
        1889        1147   9.82650931E-07
        1890        1148   9.56308440E-07
        1891        1148   9.86495593E-07
        1892        1149   9.60691750E-07
        1893        1149   9.91250204E-07
        1894        1150   9.65029017E-07
        1895        1150   9.96046424E-07
        1896        1151   9.69610028E-07
        1897        1152   9.43712507E-07
        1898        1152   9.73784267E-07
        1899        1153   9.47820752E-07
        1900        1153   9.78133698E-07
        1901        1154   9.52899768E-07
        1902        1154   9.82968686E-07
        1903        1155   9.56504323E-07
        1904        1155   9.87060503E-07
        1905        1156   9.60985744E-07
        1906        1156   9.91458478E-07
        1907        1157   9.64976152E-07
        1908        1157   9.95769369E-07
        1909        1158   9.69870030E-07
        1910        1159   9.44344947E-07
        1911        1159   9.74016643E-07
        1912        1160   9.48794536E-07
        1913        1160   9.78719413E-07
        1914        1161   9.52800349E-07
        1915        1161   9.83398195E-07
        1916        1162   9.57012389E-07
        1917        1162   9.87359385E-07
        1918        1163   9.61301907E-07
        1919        1163   9.91729621E-07
        1920        1164   9.65830623E-07
        1921        1164   9.96162385E-07
        1922        1165   9.70255201E-07
        1923        1166   9.44172541E-07
        1924        1166   9.73727310E-07
        1925        1167   9.48255206E-07
        1926        1167   9.78663479E-07
        1927        1168   9.52612368E-07
        1928        1168   9.83014161E-07
        1929        1169   9.57592533E-07
        1930        1169   9.87801855E-07
        1931        1170   9.62189006E-07
        1932        1170   9.92413220E-07
        1933        1171   9.66035941E-07
        1934        1171   9.96578706E-07
        1935        1172   9.69880375E-07
        1936        1173   9.45302816E-07
        1937        1173   9.74806085E-07
        1938        1174   9.48419427E-07
        1939        1174   9.78286721E-07
        1940        1175   9.53304607E-07
        1941        1175   9.83404902E-07
        1942        1176   9.57784437E-07
        1943        1176   9.88042416E-07
        1944        1177   9.61470278E-07
        1945        1177   9.92219498E-07
        1946        1178   9.66487391E-07
        1947        1178   9.96326662E-07
        1948        1179   9.70425390E-07
        1949        1180   9.44983753E-07
        1950        1180   9.74558361E-07
        1951        1181   9.49357343E-07
        1952        1181   9.79020570E-07
        1953        1182   9.53436711E-07
        1954        1182   9.82842380E-07
        1955        1183   9.57219982E-07
        1956        1183   9.87722160E-07
        1957        1184   9.62403533E-07
        1958        1184   9.92317950E-07
        1959        1185   9.65898266E-07
        1960        1185   9.96165681E-07
        1961        1186   9.70654696E-07
        1962        1187   9.45259615E-07
        1963        1187   9.74531531E-07
        1964        1188   9.49022763E-07
        1965        1188   9.78896878E-07
        1966        1189   9.53324331E-07
        1967        1189   9.82952884E-07
        1968        1190   9.57524094E-07
        1969        1190   9.87334374E-07
        1970        1191   9.61896262E-07
        1971        1191   9.91733373E-07
        1972        1192   9.65858931E-07
        1973        1192   9.95836103E-07
        1974        1193   9.69973030E-07
        1975        1194   9.45034230E-07
        1976        1194   9.74886575E-07
        1977        1195   9.49463640E-07
        1978        1195   9.78988965E-07
        1979        1196   9.53101051E-07
        1980        1196   9.82885695E-07
        1981        1197   9.57011252E-07
        1982        1197   9.86579948E-07
        1983        1198   9.61383876E-07
        1984        1198   9.91221782E-07
        1985        1199   9.65808908E-07
        1986        1199   9.96069389E-07
        1987        1200   9.69948360E-07
        1988        1200   9.99797408E-07
        1989        1201   9.74424552E-07
        1990        1202   9.48900208E-07
        1991        1202   9.78722596E-07
        1992        1203   9.53095139E-07
        1993        1203   9.82608981E-07
        1994        1204   9.57350153E-07
        1995        1204   9.86999225E-07
        1996        1205   9.60921284E-07
        1997        1205   9.91251000E-07
        1998        1206   9.65579829E-07
        1999        1206   9.95292226E-07
        2000        1207   9.69825919E-07
        2001        1208   9.43997748E-07
        2002        1208   9.73675924E-07
        2003        1209   9.48754234E-07
        2004        1209   9.78008416E-07
        2005        1210   9.52809955E-07
        2006        1210   9.82160486E-07
        2007        1211   9.56825033E-07
        2008        1211   9.86510486E-07
        2009        1212   9.60769057E-07
        2010        1212   9.90084914E-07
        2011        1213   9.64513447E-07
        2012        1213   9.94403194E-07
        2013        1214   9.68920858E-07
        2014        1214   9.98461701E-07
        2015        1215   9.73357487E-07
        2016        1216   9.48031698E-07
        2017        1216   9.77366653E-07
        2018        1217   9.52244420E-07
        2019        1217   9.81403787E-07
        2020        1218   9.56848680E-07
        2021        1218   9.86299369E-07
        2022        1219   9.61167416E-07
        2023        1219   9.90343892E-07
        2024        1220   9.64268679E-07
        2025        1220   9.93712433E-07
        2026        1221   9.67739993E-07
        2027        1221   9.97277539E-07
        2028        1222   9.72889325E-07
        2029        1223   9.47669889E-07
        2030        1223   9.76678166E-07
        2031        1224   9.51565085E-07
        2032        1224   9.80875598E-07
        2033        1225   9.55457836E-07
        2034        1225   9.84286658E-07
        2035        1226   9.59663339E-07
        2036        1226   9.88953389E-07
        2037        1227   9.63816774E-07
        2038        1227   9.93298727E-07
        2039        1228   9.67704750E-07
        2040        1228   9.97423399E-07
        2041        1229   9.71920599E-07
        2042        1230   9.46700084E-07
        2043        1230   9.75555281E-07
        2044        1231   9.50678555E-07
        2045        1231   9.79887432E-07
        2046        1232   9.54718075E-07
        2047        1232   9.83737891E-07
        2048        1233   9.58761575E-07
        2049        1233   9.88179750E-07
        2050        1234   9.62835657E-07
        2051        1234   9.92286800E-07
        2052        1235   9.67142796E-07
        2053        1235   9.96552217E-07
        2054        1236   9.70360816E-07
        2055        1236   9.99856297E-07
        2056        1237   9.74360205E-07
        2057        1238   9.50378137E-07
        2058        1238   9.79452011E-07
        2059        1239   9.54042662E-07
        2060        1239   9.82934239E-07
        2061        1240   9.58259875E-07
        2062        1240   9.87136900E-07
        2063        1241   9.61560886E-07
        2064        1241   9.91174147E-07
        2065        1242   9.65839263E-07
        2066        1242   9.95367031E-07
        2067        1243   9.70141855E-07
        2068        1243   9.99618692E-07
        2069        1244   9.74000045E-07
        2070        1245   9.49045784E-07
        2071        1245   9.77836407E-07
        2072        1246   9.53539654E-07
        2073        1246   9.82436063E-07
        2074        1247   9.57063889E-07
        2075        1247   9.85889301E-07
        2076        1248   9.61599540E-07
        2077        1248   9.90535796E-07
        2078        1249   9.65147137E-07
        2079        1249   9.94037691E-07
        2080        1250   9.68681093E-07
        2081        1250   9.97775373E-07
        2082        1251   9.73050533E-07
        2083        1252   9.48372815E-07
        2084        1252   9.77013656E-07
        2085        1253   9.52478217E-07
        2086        1253   9.80789537E-07
        2087        1254   9.55971586E-07
        2088        1254   9.85126348E-07
        2089        1255   9.59992917E-07
        2090        1255   9.89113460E-07
        2091        1256   9.64176820E-07
        2092        1256   9.92976538E-07
        2093        1257   9.67735218E-07
        2094        1257   9.96717404E-07
        2095        1258   9.71824534E-07
        2096        1259   9.46906255E-07
        2097        1259   9.75442163E-07
        2098        1260   9.50866763E-07
        2099        1260   9.79266360E-07
        2100        1261   9.54979214E-07
        2101        1261   9.83706059E-07
        2102        1262   9.59220756E-07
        2103        1262   9.87729777E-07
        2104        1263   9.62790295E-07
        2105        1263   9.91362526E-07
        2106        1264   9.66153380E-07
        2107        1264   9.95060532E-07
        2108        1265   9.70618999E-07
        2109        1265   9.99334134E-07
        2110        1266   9.74347586E-07
        2111        1267   9.50190667E-07
        2112        1267   9.78196226E-07
        2113        1268   9.53969902E-07
        2114        1268   9.82199822E-07
        2115        1269   9.57688712E-07
        2116        1269   9.86552891E-07
        2117        1270   9.60744273E-07
        2118        1270   9.89702812E-07
        2119        1271   9.65877689E-07
        2120        1271   9.94428774E-07
        2121        1272   9.68747031E-07
        2122        1272   9.97870075E-07
        2123        1273   9.73054853E-07
        2124        1274   9.48801301E-07
        2125        1274   9.76850629E-07
        2126        1275   9.51963045E-07
        2127        1275   9.80454047E-07
        2128        1276   9.55717496E-07
        2129        1276   9.84343956E-07
        2130        1277   9.59870363E-07
        2131        1277   9.88266265E-07
        2132        1278   9.64166588E-07
        2133        1278   9.92433229E-07
        2134        1279   9.67085725E-07
        2135        1279   9.95762662E-07
        2136        1280   9.71738359E-07
        2137        1281   9.46769603E-07
        2138        1281   9.75112130E-07
        2139        1282   9.50754384E-07
        2140        1282   9.79104811E-07
        2141        1283   9.54630082E-07
        2142        1283   9.82963343E-07
        2143        1284   9.58160967E-07
        2144        1284   9.86855298E-07
        2145        1285   9.62235163E-07
        2146        1285   9.90778290E-07
        2147        1286   9.65910885E-07
        2148        1286   9.94636707E-07
        2149        1287   9.69785447E-07
        2150        1287   9.98321184E-07
        2151        1288   9.73364990E-07
        2152        1289   9.49934076E-07
        2153        1289   9.77940317E-07
        2154        1290   9.53251686E-07
        2155        1290   9.81506787E-07
        2156        1291   9.57038878E-07
        2157        1291   9.84983103E-07
        2158        1292   9.59906856E-07
        2159        1292   9.88517627E-07
        2160        1293   9.64461378E-07
        2161        1293   9.92916398E-07
        2162        1294   9.68493623E-07
        2163        1294   9.96884978E-07
        2164        1295   9.71517011E-07
        2165        1296   9.47830927E-07
        2166        1296   9.75537432E-07
        2167        1297   9.51774496E-07
        2168        1297   9.80126742E-07
        2169        1298   9.55001951E-07
        2170        1298   9.83211521E-07
        2171        1299   9.57973270E-07
        2172        1299   9.86236728E-07
        2173        1300   9.62432978E-07
        2174        1300   9.91119578E-07
        2175        1301   9.65934646E-07
        2176        1301   9.94121024E-07
        2177        1302   9.70338306E-07
        2178        1302   9.98775249E-07
        2179        1303   9.73921260E-07
        2180        1304   9.49510479E-07
        2181        1304   9.77624381E-07
        2182        1305   9.53834956E-07
        2183        1305   9.81595917E-07
        2184        1306   9.57139719E-07
        2185        1306   9.85314841E-07
        2186        1307   9.60847956E-07
        2187        1307   9.89508521E-07
        2188        1308   9.64139076E-07
        2189        1308   9.92684136E-07
        2190        1309   9.67991355E-07
        2191        1309   9.96411814E-07
        2192        1310   9.72273142E-07
        2193        1311   9.47642548E-07
        2194        1311   9.75358716E-07
        2195        1312   9.52287564E-07
        2196        1312   9.79829792E-07
        2197        1313   9.54971256E-07
        2198        1313   9.82933784E-07
        2199        1314   9.58920054E-07
        2200        1314   9.86513783E-07
        2201        1315   9.62743570E-07
        2202        1315   9.90894932E-07
        2203        1316   9.66155085E-07
        2204        1316   9.93848744E-07
        2205        1317   9.69703137E-07
        2206        1317   9.97768439E-07
        2207        1318   9.73721740E-07
        2208        1319   9.49569539E-07
        2209        1319   9.77113928E-07
        2210        1320   9.52635048E-07
        2211        1320   9.80628556E-07
        2212        1321   9.56470330E-07
        2213        1321   9.84225835E-07
        2214        1322   9.60437319E-07
        2215        1322   9.88273769E-07
        2216        1323   9.63960133E-07
        2217        1323   9.91539764E-07
        2218        1324   9.67446795E-07
        2219        1324   9.95620894E-07
        2220        1325   9.71303848E-07
        2221        1325   9.99621534E-07
        2222        1326   9.75425337E-07
        2223        1327   9.50903370E-07
        2224        1327   9.78483968E-07
        2225        1328   9.54949201E-07
        2226        1328   9.82679012E-07
        2227        1329   9.58070473E-07
        2228        1329   9.85897600E-07
        2229        1330   9.62210834E-07
        2230        1330   9.89769433E-07
        2231        1331   9.65666231E-07
        2232        1331   9.93691401E-07
        2233        1332   9.68919835E-07
        2234        1332   9.96712288E-07
        2235        1333   9.72698899E-07
        2236        1334   9.48932097E-07
        2237        1334   9.76227739E-07
        2238        1335   9.52387893E-07
        2239        1335   9.80000323E-07
        2240        1336   9.55860742E-07
        2241        1336   9.83201858E-07
        2242        1337   9.59381509E-07
        2243        1337   9.86948976E-07
        2244        1338   9.62934337E-07
        2245        1338   9.90948593E-07
        2246        1339   9.66288439E-07
        2247        1339   9.94236416E-07
        2248        1340   9.70054657E-07
        2249        1340   9.98103474E-07
        2250        1341   9.74170121E-07
        2251        1342   9.50266838E-07
        2252        1342   9.77736249E-07
        2253        1343   9.53238214E-07
        2254        1343   9.80180744E-07
        2255        1344   9.57558086E-07
        2256        1344   9.85209908E-07
        2257        1345   9.60828629E-07
        2258        1345   9.88652232E-07
        2259        1346   9.64001742E-07
        2260        1346   9.91609227E-07
        2261        1347   9.67510459E-07
        2262        1347   9.95142386E-07
        2263        1348   9.71419809E-07
        2264        1348   9.98949872E-07
        2265        1349   9.74748900E-07
        2266        1350   9.51240793E-07
        2267        1350   9.78751814E-07
        2268        1351   9.55080509E-07
        2269        1351   9.83057362E-07
        2270        1352   9.57560587E-07
        2271        1352   9.85174665E-07
        2272        1353   9.61959586E-07
        2273        1353   9.89695764E-07
        2274        1354   9.65518552E-07
        2275        1354   9.93258027E-07
        2276        1355   9.68899940E-07
        2277        1355   9.97007533E-07
        2278        1356   9.72819635E-07
        2279        1357   9.48248953E-07
        2280        1357   9.75527541E-07
        2281        1358   9.52826269E-07
        2282        1358   9.79763513E-07
        2283        1359   9.54582561E-07
        2284        1359   9.81900030E-07
        2285        1360   9.59274530E-07
        2286        1360   9.86986038E-07
        2287        1361   9.63080424E-07
        2288        1361   9.90698140E-07
        2289        1362   9.66104949E-07
        2290        1362   9.93347271E-07
        2291        1363   9.70155270E-07
        2292        1363   9.97702159E-07
        2293        1364   9.72425482E-07
        2294        1365   9.50466017E-07
        2295        1365   9.77668037E-07
        2296        1366   9.52930634E-07
        2297        1366   9.80072059E-07
        2298        1367   9.56899612E-07
        2299        1367   9.84540861E-07
        2300        1368   9.60138777E-07
        2301        1368   9.87815497E-07
        2302        1369   9.63368166E-07
        2303        1369   9.91048068E-07
        2304        1370   9.66505468E-07
        2305        1370   9.94307811E-07
        2306        1371   9.70837959E-07
        2307        1371   9.98162363E-07
        2308        1372   9.73840997E-07
        2309        1373   9.50110120E-07
        2310        1373   9.77566742E-07
        2311        1374   9.54613256E-07
        2312        1374   9.81552603E-07
        2313        1375   9.56872441E-07
        2314        1375   9.84210942E-07
        2315        1376   9.60465741E-07
        2316        1376   9.87611202E-07
        2317        1377   9.64785841E-07
        2318        1377   9.91868319E-07
        2319        1378   9.68697691E-07
        2320        1378   9.95889991E-07
        2321        1379   9.71836812E-07
        2322        1379   9.98586415E-07
        2323        1380   9.74390559E-07
        2324        1381   9.50407070E-07
        2325        1381   9.77446120E-07
        2326        1382   9.54769348E-07
        2327        1382   9.81742346E-07
        2328        1383   9.57845714E-07
        2329        1383   9.84958206E-07
        2330        1384   9.61914338E-07
        2331        1384   9.89305590E-07
        2332        1385   9.64879519E-07
        2333        1385   9.92118089E-07
        2334        1386   9.68428253E-07
        2335        1386   9.95570758E-07
        2336        1387   9.71665372E-07
        2337        1387   9.99081180E-07
        2338        1388   9.74647037E-07
        2339        1389   9.52359528E-07
        2340        1389   9.79367314E-07
        2341        1390   9.55772975E-07
        2342        1390   9.82063625E-07
        2343        1391   9.58843088E-07
