# CONTADOR                 ERRO
0000000000001              2.549377E+02
0000000000002              2.521573E+02
0000000000003              2.504149E+02
0000000000004              2.494240E+02
0000000000005              2.489778E+02
0000000000006              2.489267E+02
0000000000007              2.491621E+02
0000000000008              2.496056E+02
0000000000009              2.501986E+02
0000000000010              2.509037E+02
0000000000011              2.516875E+02
0000000000012              2.525303E+02
0000000000013              2.534166E+02
0000000000014              2.543351E+02
0000000000015              2.552778E+02
0000000000016              2.562389E+02
0000000000017              2.572170E+02
0000000000018              2.582033E+02
0000000000019              2.591983E+02
0000000000020              2.602005E+02
0000000000021              2.612088E+02
0000000000022              2.622184E+02
0000000000023              2.632362E+02
0000000000024              2.642583E+02
0000000000025              2.652840E+02
0000000000026              2.663134E+02
0000000000027              2.673462E+02
0000000000028              2.683824E+02
0000000000029              2.694217E+02
0000000000030              2.704642E+02
0000000000031              2.715099E+02
0000000000032              2.725585E+02
0000000000033              2.736101E+02
0000000000034              2.746648E+02
0000000000035              2.757167E+02
0000000000036              2.767773E+02
0000000000037              2.778410E+02
0000000000038              2.789077E+02
0000000000039              2.799774E+02
0000000000040              2.810499E+02
0000000000041              2.821183E+02
0000000000042              2.831969E+02
0000000000043              2.842784E+02
0000000000044              2.853628E+02
0000000000045              2.864502E+02
0000000000046              2.875405E+02
0000000000047              2.886255E+02
0000000000048              2.897218E+02
0000000000049              2.908210E+02
0000000000050              2.919232E+02
0000000000051              2.930282E+02
0000000000052              2.941268E+02
0000000000053              2.952378E+02
0000000000054              2.963517E+02
0000000000055              2.974685E+02
0000000000056              2.985776E+02
0000000000057              2.997004E+02
0000000000058              3.008260E+02
0000000000059              3.019544E+02
0000000000060              3.030858E+02
0000000000061              3.042085E+02
0000000000062              3.053458E+02
0000000000063              3.064860E+02
0000000000064              3.076289E+02
0000000000065              3.087621E+02
0000000000066              3.099110E+02
0000000000067              3.110627E+02
0000000000068              3.122171E+02
0000000000069              3.133608E+02
0000000000070              3.145212E+02
0000000000071              3.156844E+02
0000000000072              3.168503E+02
0000000000073              3.180043E+02
0000000000074              3.191762E+02
0000000000075              3.203507E+02
0000000000076              3.215281E+02
0000000000077              3.226923E+02
0000000000078              3.238754E+02
0000000000079              3.250613E+02
0000000000080              3.262498E+02
0000000000081              3.274243E+02
0000000000082              3.286187E+02
0000000000083              3.298158E+02
0000000000084              3.310154E+02
0000000000085              3.322001E+02
0000000000086              3.334055E+02
0000000000087              3.346136E+02
0000000000088              3.358051E+02
0000000000089              3.370190E+02
0000000000090              3.382354E+02
0000000000091              3.394543E+02
0000000000092              3.406559E+02
0000000000093              3.418806E+02
0000000000094              3.431078E+02
0000000000095              3.443161E+02
0000000000096              3.455490E+02
0000000000097              3.467843E+02
0000000000098              3.480220E+02
0000000000099              3.492403E+02
0000000000100              3.504837E+02
0000000000101              3.517296E+02
0000000000102              3.529542E+02
0000000000103              3.542057E+02
0000000000104              3.554594E+02
0000000000105              3.566905E+02
0000000000106              3.579500E+02
0000000000107              3.592115E+02
0000000000108              3.604755E+02
0000000000109              3.617162E+02
0000000000110              3.629857E+02
0000000000111              3.642573E+02
0000000000112              3.655042E+02
0000000000113              3.667813E+02
0000000000114              3.680607E+02
0000000000115              3.693136E+02
0000000000116              3.705984E+02
0000000000117              3.718852E+02
0000000000118              3.731441E+02
0000000000119              3.744363E+02
0000000000120              3.757306E+02
0000000000121              3.770268E+02
0000000000122              3.782949E+02
0000000000123              3.795964E+02
0000000000124              3.808669E+02
0000000000125              3.821738E+02
0000000000126              3.834825E+02
0000000000127              3.847931E+02
0000000000128              3.860724E+02
0000000000129              3.873882E+02
0000000000130              3.887058E+02
0000000000131              3.899907E+02
0000000000132              3.913134E+02
0000000000133              3.926378E+02
0000000000134              3.939280E+02
0000000000135              3.952574E+02
0000000000136              3.965887E+02
0000000000137              3.978840E+02
0000000000138              3.992202E+02
0000000000139              4.005579E+02
0000000000140              4.018583E+02
0000000000141              4.032009E+02
0000000000142              4.045450E+02
0000000000143              4.058503E+02
0000000000144              4.071994E+02
0000000000145              4.085497E+02
0000000000146              4.098598E+02
0000000000147              4.112149E+02
0000000000148              4.125715E+02
0000000000149              4.138860E+02
0000000000150              4.152473E+02
0000000000151              4.166096E+02
0000000000152              4.179288E+02
0000000000153              4.192957E+02
0000000000154              4.206639E+02
0000000000155              4.219873E+02
0000000000156              4.233599E+02
0000000000157              4.247336E+02
0000000000158              4.260612E+02
0000000000159              4.274392E+02
0000000000160              4.288183E+02
0000000000161              4.301497E+02
0000000000162              4.315331E+02
0000000000163              4.329174E+02
0000000000164              4.342526E+02
0000000000165              4.356410E+02
0000000000166              4.370303E+02
0000000000167              4.383693E+02
0000000000168              4.397625E+02
0000000000169              4.411565E+02
0000000000170              4.424989E+02
0000000000171              4.438968E+02
0000000000172              4.452392E+02
0000000000173              4.466409E+02
0000000000174              4.480433E+02
0000000000175              4.493889E+02
0000000000176              4.507949E+02
0000000000177              4.522014E+02
0000000000178              4.535500E+02
0000000000179              4.549601E+02
0000000000180              4.563706E+02
0000000000181              4.577218E+02
0000000000182              4.591359E+02
0000000000183              4.605502E+02
0000000000184              4.619039E+02
0000000000185              4.633214E+02
0000000000186              4.647393E+02
0000000000187              4.660953E+02
0000000000188              4.675162E+02
0000000000189              4.688714E+02
0000000000190              4.702956E+02
0000000000191              4.717196E+02
0000000000192              4.730768E+02
0000000000193              4.745038E+02
0000000000194              4.759308E+02
0000000000195              4.772896E+02
0000000000196              4.787194E+02
0000000000197              4.801489E+02
0000000000198              4.815092E+02
0000000000199              4.829414E+02
0000000000200              4.843001E+02
0000000000201              4.857350E+02
0000000000202              4.871694E+02
0000000000203              4.885292E+02
0000000000204              4.899660E+02
0000000000205              4.914023E+02
0000000000206              4.927630E+02
0000000000207              4.942016E+02
0000000000208              4.956396E+02
0000000000209              4.970009E+02
0000000000210              4.984409E+02
0000000000211              4.997997E+02
0000000000212              5.012418E+02
0000000000213              5.026830E+02
0000000000214              5.040421E+02
0000000000215              5.054852E+02
0000000000216              5.069273E+02
0000000000217              5.082864E+02
0000000000218              5.097301E+02
0000000000219              5.110862E+02
0000000000220              5.125316E+02
0000000000221              5.139756E+02
0000000000222              5.153314E+02
0000000000223              5.167769E+02
0000000000224              5.182210E+02
0000000000225              5.195760E+02
0000000000226              5.210214E+02
0000000000227              5.224653E+02
0000000000228              5.238192E+02
0000000000229              5.252641E+02
0000000000230              5.267075E+02
0000000000231              5.280601E+02
0000000000232              5.295045E+02
0000000000233              5.308531E+02
0000000000234              5.322980E+02
0000000000235              5.337411E+02
0000000000236              5.350881E+02
0000000000237              5.365316E+02
0000000000238              5.379733E+02
0000000000239              5.393183E+02
0000000000240              5.407603E+02
0000000000241              5.421006E+02
0000000000242              5.435428E+02
0000000000243              5.449827E+02
0000000000244              5.463206E+02
0000000000245              5.477605E+02
0000000000246              5.491981E+02
0000000000247              5.505334E+02
0000000000248              5.519706E+02
0000000000249              5.533005E+02
0000000000250              5.547376E+02
0000000000251              5.561722E+02
0000000000252              5.574989E+02
0000000000253              5.589328E+02
0000000000254              5.603640E+02
0000000000255              5.616870E+02
0000000000256              5.631174E+02
0000000000257              5.644346E+02
0000000000258              5.658641E+02
0000000000259              5.672906E+02
0000000000260              5.686039E+02
0000000000261              5.700293E+02
0000000000262              5.714515E+02
0000000000263              5.727604E+02
0000000000264              5.741814E+02
0000000000265              5.754836E+02
0000000000266              5.769031E+02
0000000000267              5.783191E+02
0000000000268              5.796165E+02
0000000000269              5.810309E+02
0000000000270              5.824418E+02
0000000000271              5.837339E+02
0000000000272              5.851428E+02
0000000000273              5.864278E+02
0000000000274              5.878347E+02
0000000000275              5.892378E+02
0000000000276              5.905170E+02
0000000000277              5.919178E+02
0000000000278              5.933146E+02
0000000000279              5.945876E+02
0000000000280              5.959819E+02
0000000000281              5.972473E+02
0000000000282              5.986389E+02
0000000000283              6.000264E+02
0000000000284              6.012849E+02
0000000000285              6.026694E+02
0000000000286              6.039197E+02
0000000000287              6.053011E+02
0000000000288              6.066780E+02
0000000000289              6.079212E+02
0000000000290              6.092949E+02
0000000000291              6.106639E+02
0000000000292              6.118995E+02
0000000000293              6.132649E+02
0000000000294              6.146255E+02
0000000000295              6.158533E+02
0000000000296              6.172102E+02
0000000000297              6.184287E+02
0000000000298              6.197816E+02
0000000000299              6.211294E+02
0000000000300              6.223394E+02
0000000000301              6.236831E+02
0000000000302              6.250215E+02
0000000000303              6.262229E+02
0000000000304              6.275568E+02
0000000000305              6.287484E+02
0000000000306              6.300777E+02
0000000000307              6.314016E+02
0000000000308              6.325837E+02
0000000000309              6.339027E+02
0000000000310              6.352160E+02
0000000000311              6.363886E+02
0000000000312              6.376967E+02
0000000000313              6.388588E+02
0000000000314              6.401616E+02
0000000000315              6.414587E+02
0000000000316              6.426107E+02
0000000000317              6.439019E+02
0000000000318              6.451874E+02
0000000000319              6.463286E+02
0000000000320              6.476081E+02
0000000000321              6.487383E+02
0000000000322              6.500118E+02
0000000000323              6.512791E+02
0000000000324              6.523981E+02
0000000000325              6.536590E+02
0000000000326              6.549138E+02
0000000000327              6.560212E+02
0000000000328              6.572692E+02
0000000000329              6.585107E+02
0000000000330              6.596063E+02
0000000000331              6.608410E+02
0000000000332              6.619247E+02
0000000000333              6.631525E+02
0000000000334              6.643735E+02
0000000000335              6.654446E+02
0000000000336              6.666584E+02
0000000000337              6.677171E+02
0000000000338              6.689236E+02
0000000000339              6.701230E+02
0000000000340              6.711687E+02
0000000000341              6.723604E+02
0000000000342              6.735449E+02
0000000000343              6.745771E+02
0000000000344              6.757538E+02
0000000000345              6.767732E+02
0000000000346              6.779416E+02
0000000000347              6.791027E+02
0000000000348              6.801082E+02
0000000000349              6.812609E+02
0000000000350              6.824061E+02
0000000000351              6.833973E+02
0000000000352              6.845339E+02
0000000000353              6.856628E+02
0000000000354              6.866394E+02
0000000000355              6.877594E+02
0000000000356              6.887222E+02
0000000000357              6.898333E+02
0000000000358              6.909364E+02
0000000000359              6.918841E+02
0000000000360              6.929778E+02
0000000000361              6.940637E+02
0000000000362              6.949957E+02
0000000000363              6.960720E+02
0000000000364              6.971401E+02
0000000000365              6.980564E+02
0000000000366              6.991146E+02
0000000000367              7.000164E+02
0000000000368              7.010648E+02
0000000000369              7.021048E+02
0000000000370              7.029901E+02
0000000000371              7.040198E+02
0000000000372              7.050412E+02
0000000000373              7.059096E+02
0000000000374              7.069207E+02
0000000000375              7.079230E+02
0000000000376              7.087744E+02
0000000000377              7.097660E+02
0000000000378              7.106022E+02
0000000000379              7.115829E+02
0000000000380              7.125549E+02
0000000000381              7.133737E+02
0000000000382              7.143344E+02
0000000000383              7.152864E+02
0000000000384              7.160872E+02
0000000000385              7.170278E+02
0000000000386              7.179594E+02
0000000000387              7.187420E+02
0000000000388              7.196620E+02
0000000000389              7.204286E+02
0000000000390              7.213369E+02
0000000000391              7.222360E+02
0000000000392              7.229840E+02
0000000000393              7.238713E+02
0000000000394              7.247492E+02
0000000000395              7.254782E+02
0000000000396              7.263440E+02
0000000000397              7.272003E+02
0000000000398              7.279100E+02
0000000000399              7.287540E+02
0000000000400              7.294470E+02
0000000000401              7.302784E+02
0000000000402              7.311005E+02
0000000000403              7.317738E+02
0000000000404              7.325831E+02
0000000000405              7.333825E+02
0000000000406              7.340357E+02
0000000000407              7.348224E+02
0000000000408              7.354587E+02
0000000000409              7.362323E+02
0000000000410              7.369960E+02
0000000000411              7.376121E+02
0000000000412              7.383624E+02
0000000000413              7.391031E+02
0000000000414              7.396982E+02
0000000000415              7.404254E+02
0000000000416              7.411427E+02
0000000000417              7.417166E+02
0000000000418              7.424202E+02
0000000000419              7.429769E+02
0000000000420              7.436666E+02
0000000000421              7.443463E+02
0000000000422              7.448817E+02
0000000000423              7.455472E+02
0000000000424              7.462028E+02
0000000000425              7.467166E+02
0000000000426              7.473580E+02
0000000000427              7.478539E+02
0000000000428              7.484811E+02
0000000000429              7.490980E+02
0000000000430              7.495719E+02
0000000000431              7.501743E+02
0000000000432              7.507665E+02
0000000000433              7.512183E+02
0000000000434              7.517958E+02
0000000000435              7.523630E+02
0000000000436              7.527923E+02
0000000000437              7.533447E+02
0000000000438              7.537559E+02
0000000000439              7.542934E+02
0000000000440              7.548206E+02
0000000000441              7.552091E+02
0000000000442              7.557211E+02
0000000000443              7.562227E+02
0000000000444              7.565881E+02
0000000000445              7.570747E+02
0000000000446              7.574221E+02
0000000000447              7.578932E+02
0000000000448              7.583536E+02
0000000000449              7.586779E+02
0000000000450              7.591229E+02
0000000000451              7.595575E+02
0000000000452              7.598585E+02
0000000000453              7.602772E+02
0000000000454              7.605597E+02
0000000000455              7.609631E+02
0000000000456              7.613559E+02
0000000000457              7.616147E+02
0000000000458              7.619918E+02
0000000000459              7.623581E+02
0000000000460              7.625931E+02
0000000000461              7.629437E+02
0000000000462              7.632836E+02
0000000000463              7.634949E+02
0000000000464              7.638187E+02
0000000000465              7.640114E+02
0000000000466              7.643193E+02
0000000000467              7.646165E+02
0000000000468              7.647851E+02
0000000000469              7.650663E+02
0000000000470              7.653367E+02
0000000000471              7.654811E+02
0000000000472              7.657354E+02
0000000000473              7.658611E+02
0000000000474              7.660991E+02
0000000000475              7.663264E+02
0000000000476              7.664280E+02
0000000000477              7.666390E+02
0000000000478              7.668391E+02
0000000000479              7.669163E+02
0000000000480              7.671003E+02
0000000000481              7.671587E+02
0000000000482              7.673262E+02
0000000000483              7.674830E+02
0000000000484              7.675172E+02
0000000000485              7.676574E+02
0000000000486              7.677872E+02
0000000000487              7.677968E+02
0000000000488              7.679100E+02
0000000000489              7.679008E+02
0000000000490              7.679977E+02
0000000000491              7.680837E+02
0000000000492              7.680499E+02
0000000000493              7.681196E+02
0000000000494              7.681783E+02
0000000000495              7.681201E+02
0000000000496              7.681624E+02
0000000000497              7.680855E+02
0000000000498              7.681111E+02
0000000000499              7.681262E+02
0000000000500              7.680248E+02
0000000000501              7.680232E+02
0000000000502              7.680109E+02
0000000000503              7.678849E+02
0000000000504              7.678563E+02
0000000000505              7.677118E+02
0000000000506              7.676663E+02
0000000000507              7.676102E+02
0000000000508              7.674415E+02
0000000000509              7.673688E+02
0000000000510              7.671816E+02
0000000000511              7.670923E+02
0000000000512              7.669926E+02
0000000000513              7.667810E+02
0000000000514              7.666647E+02
0000000000515              7.665380E+02
0000000000516              7.663020E+02
0000000000517              7.661587E+02
0000000000518              7.659044E+02
0000000000519              7.657446E+02
0000000000520              7.655744E+02
0000000000521              7.652960E+02
0000000000522              7.651094E+02
0000000000523              7.648128E+02
0000000000524              7.646099E+02
0000000000525              7.643962E+02
0000000000526              7.640757E+02
0000000000527              7.638460E+02
0000000000528              7.636059E+02
0000000000529              7.632614E+02
0000000000530              7.630049E+02
0000000000531              7.626425E+02
0000000000532              7.623700E+02
0000000000533              7.620872E+02
0000000000534              7.617009E+02
0000000000535              7.614019E+02
0000000000536              7.609982E+02
0000000000537              7.606830E+02
0000000000538              7.603578E+02
0000000000539              7.599304E+02
0000000000540              7.595891E+02
0000000000541              7.592379E+02
0000000000542              7.587871E+02
0000000000543              7.584198E+02
0000000000544              7.579517E+02
0000000000545              7.575687E+02
0000000000546              7.571757E+02
0000000000547              7.566844E+02
0000000000548              7.562754E+02
0000000000549              7.557671E+02
0000000000550              7.553427E+02
0000000000551              7.549082E+02
0000000000552              7.543770E+02
0000000000553              7.539271E+02
0000000000554              7.534674E+02
0000000000555              7.529135E+02
0000000000556              7.524384E+02
0000000000557              7.518679E+02
0000000000558              7.513773E+02
0000000000559              7.508771E+02
0000000000560              7.502842E+02
0000000000561              7.497690E+02
0000000000562              7.491594E+02
0000000000563              7.486290E+02
0000000000564              7.480889E+02
0000000000565              7.474576E+02
0000000000566              7.469026E+02
0000000000567              7.462551E+02
0000000000568              7.456852E+02
0000000000569              7.451058E+02
0000000000570              7.444368E+02
0000000000571              7.438428E+02
0000000000572              7.432396E+02
0000000000573              7.425491E+02
0000000000574              7.419312E+02
0000000000575              7.412252E+02
0000000000576              7.405928E+02
0000000000577              7.399512E+02
0000000000578              7.392242E+02
0000000000579              7.385684E+02
0000000000580              7.378258E+02
0000000000581              7.371558E+02
0000000000582              7.364769E+02
0000000000583              7.357138E+02
0000000000584              7.350209E+02
0000000000585              7.342428E+02
0000000000586              7.335358E+02
0000000000587              7.328200E+02
0000000000588              7.320220E+02
0000000000589              7.312925E+02
0000000000590              7.304796E+02
0000000000591              7.297366E+02
0000000000592              7.289850E+02
0000000000593              7.281527E+02
0000000000594              7.273876E+02
0000000000595              7.265408E+02
0000000000596              7.257622E+02
0000000000597              7.249755E+02
0000000000598              7.241096E+02
0000000000599              7.233098E+02
0000000000600              7.224299E+02
0000000000601              7.216169E+02
0000000000602              7.207960E+02
0000000000603              7.198974E+02
0000000000604              7.190637E+02
0000000000605              7.181516E+02
0000000000606              7.173049E+02
0000000000607              7.164504E+02
0000000000608              7.155204E+02
0000000000609              7.146533E+02
0000000000610              7.137786E+02
0000000000611              7.128307E+02
0000000000612              7.119437E+02
0000000000613              7.109826E+02
0000000000614              7.100835E+02
0000000000615              7.091768E+02
0000000000616              7.081987E+02
0000000000617              7.072800E+02
0000000000618              7.062892E+02
0000000000619              7.053590E+02
0000000000620              7.044211E+02
0000000000621              7.034136E+02
0000000000622              7.024644E+02
0000000000623              7.014449E+02
0000000000624              7.004841E+02
0000000000625              6.995162E+02
0000000000626              6.984804E+02
0000000000627              6.975013E+02
0000000000628              6.964538E+02
0000000000629              6.954639E+02
0000000000630              6.944669E+02
0000000000631              6.934037E+02
0000000000632              6.923960E+02
0000000000633              6.913216E+02
0000000000634              6.903032E+02
0000000000635              6.892176E+02
0000000000636              6.881887E+02
0000000000637              6.871530E+02
0000000000638              6.860529E+02
0000000000639              6.850071E+02
0000000000640              6.838959E+02
0000000000641              6.828401E+02
0000000000642              6.817778E+02
0000000000643              6.806525E+02
0000000000644              6.795806E+02
0000000000645              6.784449E+02
0000000000646              6.773632E+02
0000000000647              6.762755E+02
0000000000648              6.751263E+02
0000000000649              6.740291E+02
0000000000650              6.728700E+02
0000000000651              6.717634E+02
0000000000652              6.706506E+02
0000000000653              6.694786E+02
0000000000654              6.683571E+02
0000000000655              6.671759E+02
0000000000656              6.660453E+02
0000000000657              6.649094E+02
0000000000658              6.637155E+02
0000000000659              6.625709E+02
0000000000660              6.613679E+02
0000000000661              6.602147E+02
0000000000662              6.590562E+02
0000000000663              6.578416E+02
0000000000664              6.566749E+02
0000000000665              6.554515E+02
0000000000666              6.542766E+02
0000000000667              6.530452E+02
0000000000668              6.518623E+02
0000000000669              6.506743E+02
0000000000670              6.494319E+02
0000000000671              6.482364E+02
0000000000672              6.469860E+02
0000000000673              6.457830E+02
0000000000674              6.445751E+02
0000000000675              6.433145E+02
0000000000676              6.420992E+02
0000000000677              6.408311E+02
0000000000678              6.396088E+02
0000000000679              6.383820E+02
0000000000680              6.371042E+02
0000000000681              6.358705E+02
0000000000682              6.345855E+02
0000000000683              6.333452E+02
0000000000684              6.321005E+02
0000000000685              6.308063E+02
0000000000686              6.295554E+02
0000000000687              6.282546E+02
0000000000688              6.269971E+02
0000000000689              6.256900E+02
0000000000690              6.244265E+02
0000000000691              6.231590E+02
0000000000692              6.218436E+02
0000000000693              6.205702E+02
0000000000694              6.192488E+02
0000000000695              6.179697E+02
0000000000696              6.166868E+02
0000000000697              6.153578E+02
0000000000698              6.140695E+02
0000000000699              6.127347E+02
0000000000700              6.114412E+02
0000000000701              6.101439E+02
0000000000702              6.088023E+02
0000000000703              6.075001E+02
0000000000704              6.061532E+02
0000000000705              6.048460E+02
0000000000706              6.034941E+02
0000000000707              6.021823E+02
0000000000708              6.008672E+02
0000000000709              5.995091E+02
0000000000710              5.981895E+02
0000000000711              5.968266E+02
0000000000712              5.955029E+02
0000000000713              5.941758E+02
0000000000714              5.928074E+02
0000000000715              5.914765E+02
0000000000716              5.901039E+02
0000000000717              5.887690E+02
0000000000718              5.874312E+02
0000000000719              5.860536E+02
0000000000720              5.847122E+02
0000000000721              5.833309E+02
0000000000722              5.819857E+02
0000000000723              5.806007E+02
0000000000724              5.792524E+02
0000000000725              5.779014E+02
0000000000726              5.765122E+02
0000000000727              5.751580E+02
0000000000728              5.737656E+02
0000000000729              5.724084E+02
0000000000730              5.710491E+02
0000000000731              5.696529E+02
0000000000732              5.682908E+02
0000000000733              5.668918E+02
0000000000734              5.655269E+02
0000000000735              5.641252E+02
0000000000736              5.627579E+02
0000000000737              5.613886E+02
0000000000738              5.599841E+02
0000000000739              5.586124E+02
0000000000740              5.572056E+02
0000000000741              5.558320E+02
0000000000742              5.544563E+02
0000000000743              5.530472E+02
0000000000744              5.516698E+02
0000000000745              5.502585E+02
0000000000746              5.488793E+02
0000000000747              5.474663E+02
0000000000748              5.460855E+02
0000000000749              5.447033E+02
0000000000750              5.432886E+02
0000000000751              5.419050E+02
0000000000752              5.404888E+02
0000000000753              5.391037E+02
0000000000754              5.376864E+02
0000000000755              5.363004E+02
0000000000756              5.349129E+02
0000000000757              5.334946E+02
0000000000758              5.321064E+02
0000000000759              5.306871E+02
0000000000760              5.292981E+02
0000000000761              5.279078E+02
0000000000762              5.264882E+02
0000000000763              5.250974E+02
0000000000764              5.236772E+02
0000000000765              5.222859E+02
0000000000766              5.208652E+02
0000000000767              5.194738E+02
0000000000768              5.180814E+02
0000000000769              5.166609E+02
0000000000770              5.152682E+02
0000000000771              5.138478E+02
0000000000772              5.124551E+02
0000000000773              5.110346E+02
0000000000774              5.096422E+02
0000000000775              5.082492E+02
0000000000776              5.068296E+02
0000000000777              5.054369E+02
0000000000778              5.040175E+02
0000000000779              5.026252E+02
0000000000780              5.012326E+02
0000000000781              4.998145E+02
0000000000782              4.984225E+02
0000000000783              4.970050E+02
0000000000784              4.956136E+02
0000000000785              4.941970E+02
0000000000786              4.928065E+02
0000000000787              4.914158E+02
0000000000788              4.900011E+02
0000000000789              4.886114E+02
0000000000790              4.871977E+02
0000000000791              4.858091E+02
0000000000792              4.843964E+02
0000000000793              4.830092E+02
0000000000794              4.816219E+02
0000000000795              4.802119E+02
0000000000796              4.788260E+02
0000000000797              4.774174E+02
0000000000798              4.760331E+02
0000000000799              4.746260E+02
0000000000800              4.732432E+02
0000000000801              4.718608E+02
0000000000802              4.704567E+02
0000000000803              4.690760E+02
0000000000804              4.676738E+02
0000000000805              4.662950E+02
0000000000806              4.649166E+02
0000000000807              4.635178E+02
0000000000808              4.621414E+02
0000000000809              4.607447E+02
0000000000810              4.593705E+02
0000000000811              4.579759E+02
0000000000812              4.566039E+02
0000000000813              4.552325E+02
0000000000814              4.538419E+02
0000000000815              4.524728E+02
0000000000816              4.510845E+02
0000000000817              4.497180E+02
0000000000818              4.483322E+02
0000000000819              4.469681E+02
0000000000820              4.456049E+02
0000000000821              4.442236E+02
0000000000822              4.428631E+02
0000000000823              4.414845E+02
0000000000824              4.401267E+02
0000000000825              4.387509E+02
0000000000826              4.373961E+02
0000000000827              4.360421E+02
0000000000828              4.346712E+02
0000000000829              4.333202E+02
0000000000830              4.319524E+02
0000000000831              4.306045E+02
0000000000832              4.292398E+02
0000000000833              4.278951E+02
0000000000834              4.265515E+02
0000000000835              4.251920E+02
0000000000836              4.238517E+02
0000000000837              4.224956E+02
0000000000838              4.211587E+02
0000000000839              4.198059E+02
0000000000840              4.184725E+02
0000000000841              4.171403E+02
0000000000842              4.157932E+02
0000000000843              4.144645E+02
0000000000844              4.131211E+02
0000000000845              4.117961E+02
0000000000846              4.104564E+02
0000000000847              4.091350E+02
0000000000848              4.078151E+02
0000000000849              4.064814E+02
0000000000850              4.051653E+02
0000000000851              4.038354E+02
0000000000852              4.025232E+02
0000000000853              4.011973E+02
0000000000854              3.998890E+02
0000000000855              3.985822E+02
0000000000856              3.972627E+02
0000000000857              3.959600E+02
0000000000858              3.946446E+02
0000000000859              3.933460E+02
0000000000860              3.920348E+02
0000000000861              3.907402E+02
0000000000862              3.894475E+02
0000000000863              3.881429E+02
0000000000864              3.868545E+02
0000000000865              3.855542E+02
0000000000866              3.842700E+02
0000000000867              3.829741E+02
0000000000868              3.816942E+02
0000000000869              3.804163E+02
0000000000870              3.791273E+02
0000000000871              3.778539E+02
0000000000872              3.765695E+02
0000000000873              3.753004E+02
0000000000874              3.740206E+02
0000000000875              3.727561E+02
0000000000876              3.714935E+02
0000000000877              3.702210E+02
0000000000878              3.689631E+02
0000000000879              3.676952E+02
0000000000880              3.664420E+02
0000000000881              3.651789E+02
0000000000882              3.639303E+02
0000000000883              3.626839E+02
0000000000884              3.614283E+02
0000000000885              3.601866E+02
0000000000886              3.589358E+02
0000000000887              3.576990E+02
0000000000888              3.564531E+02
0000000000889              3.552212E+02
0000000000890              3.539914E+02
0000000000891              3.527533E+02
0000000000892              3.515284E+02
0000000000893              3.502953E+02
0000000000894              3.490754E+02
0000000000895              3.478473E+02
0000000000896              3.466326E+02
0000000000897              3.454200E+02
0000000000898              3.441998E+02
0000000000899              3.429923E+02
0000000000900              3.417773E+02
0000000000901              3.405749E+02
0000000000902              3.393650E+02
0000000000903              3.381678E+02
0000000000904              3.369632E+02
0000000000905              3.357712E+02
0000000000906              3.345816E+02
0000000000907              3.333851E+02
0000000000908              3.322006E+02
0000000000909              3.310094E+02
0000000000910              3.298303E+02
0000000000911              3.286444E+02
0000000000912              3.274705E+02
0000000000913              3.262991E+02
0000000000914              3.251215E+02
0000000000915              3.239554E+02
0000000000916              3.227833E+02
0000000000917              3.216225E+02
0000000000918              3.204557E+02
0000000000919              3.193005E+02
0000000000920              3.181476E+02
0000000000921              3.169893E+02
0000000000922              3.158419E+02
0000000000923              3.146890E+02
0000000000924              3.135471E+02
0000000000925              3.123997E+02
0000000000926              3.112633E+02
0000000000927              3.101215E+02
0000000000928              3.089905E+02
0000000000929              3.078622E+02
0000000000930              3.067289E+02
0000000000931              3.056060E+02
0000000000932              3.044784E+02
0000000000933              3.033611E+02
0000000000934              3.022390E+02
0000000000935              3.011273E+02
0000000000936              3.000181E+02
0000000000937              2.989047E+02
0000000000938              2.978011E+02
0000000000939              2.966934E+02
0000000000940              2.955955E+02
0000000000941              2.944933E+02
0000000000942              2.934010E+02
0000000000943              2.923113E+02
0000000000944              2.912180E+02
0000000000945              2.901340E+02
0000000000946              2.890462E+02
0000000000947              2.879679E+02
0000000000948              2.868859E+02
0000000000949              2.858132E+02
0000000000950              2.847370E+02
0000000000951              2.836700E+02
0000000000952              2.826056E+02
0000000000953              2.815381E+02
0000000000954              2.804795E+02
0000000000955              2.794178E+02
0000000000956              2.783648E+02
0000000000957              2.773088E+02
0000000000958              2.762616E+02
0000000000959              2.752171E+02
0000000000960              2.741700E+02
0000000000961              2.731312E+02
0000000000962              2.720898E+02
0000000000963              2.710568E+02
0000000000964              2.700211E+02
0000000000965              2.689938E+02
0000000000966              2.679640E+02
0000000000967              2.669424E+02
0000000000968              2.659236E+02
0000000000969              2.649026E+02
0000000000970              2.638895E+02
0000000000971              2.628743E+02
0000000000972              2.618669E+02
0000000000973              2.608575E+02
0000000000974              2.598559E+02
0000000000975              2.588571E+02
0000000000976              2.578565E+02
0000000000977              2.568634E+02
0000000000978              2.558686E+02
0000000000979              2.548813E+02
0000000000980              2.538923E+02
0000000000981              2.529107E+02
0000000000982              2.519275E+02
0000000000983              2.509517E+02
0000000000984              2.499786E+02
0000000000985              2.490043E+02
0000000000986              2.480369E+02
0000000000987              2.470683E+02
0000000000988              2.461067E+02
0000000000989              2.451439E+02
0000000000990              2.441881E+02
0000000000991              2.432349E+02
0000000000992              2.422809E+02
0000000000993              2.413336E+02
0000000000994              2.403853E+02
0000000000995              2.394437E+02
0000000000996              2.385013E+02
0000000000997              2.375653E+02
0000000000998              2.366286E+02
0000000000999              2.356984E+02
0000000001000              2.347710E+02
0000000001001              2.338431E+02
0000000001002              2.329213E+02
0000000001003              2.319991E+02
0000000001004              2.310831E+02
0000000001005              2.301666E+02
0000000001006              2.292563E+02
0000000001007              2.283487E+02
0000000001008              2.274409E+02
0000000001009              2.265390E+02
0000000001010              2.256369E+02
0000000001011              2.247407E+02
0000000001012              2.238443E+02
0000000001013              2.229538E+02
0000000001014              2.220631E+02
0000000001015              2.211782E+02
0000000001016              2.202960E+02
0000000001017              2.194139E+02
0000000001018              2.185374E+02
0000000001019              2.176609E+02
0000000001020              2.167900E+02
0000000001021              2.159193E+02
0000000001022              2.150540E+02
0000000001023              2.141888E+02
0000000001024              2.133291E+02
0000000001025              2.124721E+02
0000000001026              2.116155E+02
0000000001027              2.107641E+02
0000000001028              2.099131E+02
0000000001029              2.090673E+02
0000000001030              2.082219E+02
0000000001031              2.073816E+02
0000000001032              2.065440E+02
0000000001033              2.057070E+02
0000000001034              2.048749E+02
0000000001035              2.040435E+02
0000000001036              2.032169E+02
0000000001037              2.023911E+02
0000000001038              2.015700E+02
0000000001039              2.007497E+02
0000000001040              1.999341E+02
0000000001041              1.991212E+02
0000000001042              1.983091E+02
0000000001043              1.975017E+02
0000000001044              1.966952E+02
0000000001045              1.958932E+02
0000000001046              1.950921E+02
0000000001047              1.942955E+02
0000000001048              1.934999E+02
0000000001049              1.927087E+02
0000000001050              1.919202E+02
0000000001051              1.911328E+02
0000000001052              1.903496E+02
0000000001053              1.895676E+02
0000000001054              1.887898E+02
0000000001055              1.880132E+02
0000000001056              1.872407E+02
0000000001057              1.864694E+02
0000000001058              1.857023E+02
0000000001059              1.849378E+02
0000000001060              1.841746E+02
0000000001061              1.834154E+02
0000000001062              1.826575E+02
0000000001063              1.819036E+02
0000000001064              1.811510E+02
0000000001065              1.804023E+02
0000000001066              1.796561E+02
0000000001067              1.789116E+02
0000000001068              1.781707E+02
0000000001069              1.774313E+02
0000000001070              1.766956E+02
0000000001071              1.759614E+02
0000000001072              1.752310E+02
0000000001073              1.745020E+02
0000000001074              1.737767E+02
0000000001075              1.730539E+02
0000000001076              1.723328E+02
0000000001077              1.716151E+02
0000000001078              1.708992E+02
0000000001079              1.701867E+02
0000000001080              1.694758E+02
0000000001081              1.687683E+02
0000000001082              1.680626E+02
0000000001083              1.673603E+02
0000000001084              1.666603E+02
0000000001085              1.659623E+02
0000000001086              1.652674E+02
0000000001087              1.645744E+02
0000000001088              1.638846E+02
0000000001089              1.631966E+02
0000000001090              1.625118E+02
0000000001091              1.618288E+02
0000000001092              1.611490E+02
0000000001093              1.604715E+02
0000000001094              1.597961E+02
0000000001095              1.591236E+02
0000000001096              1.584531E+02
0000000001097              1.577855E+02
0000000001098              1.571199E+02
0000000001099              1.564573E+02
0000000001100              1.557966E+02
0000000001101              1.551388E+02
0000000001102              1.544834E+02
0000000001103              1.538300E+02
0000000001104              1.531795E+02
0000000001105              1.525309E+02
0000000001106              1.518852E+02
0000000001107              1.512415E+02
0000000001108              1.506006E+02
0000000001109              1.499617E+02
0000000001110              1.493255E+02
0000000001111              1.486916E+02
0000000001112              1.480599E+02
0000000001113              1.474307E+02
0000000001114              1.468038E+02
0000000001115              1.461794E+02
0000000001116              1.455571E+02
0000000001117              1.449374E+02
0000000001118              1.443198E+02
0000000001119              1.437047E+02
0000000001120              1.430919E+02
0000000001121              1.424814E+02
0000000001122              1.418732E+02
0000000001123              1.412672E+02
0000000001124              1.406637E+02
0000000001125              1.400624E+02
0000000001126              1.394634E+02
0000000001127              1.388666E+02
0000000001128              1.382722E+02
0000000001129              1.376800E+02
0000000001130              1.370901E+02
0000000001131              1.365023E+02
0000000001132              1.359170E+02
0000000001133              1.353337E+02
0000000001134              1.347528E+02
0000000001135              1.341741E+02
0000000001136              1.335976E+02
0000000001137              1.330234E+02
0000000001138              1.324512E+02
0000000001139              1.318815E+02
0000000001140              1.313138E+02
0000000001141              1.307484E+02
0000000001142              1.301850E+02
0000000001143              1.296240E+02
0000000001144              1.290650E+02
0000000001145              1.285084E+02
0000000001146              1.279538E+02
0000000001147              1.274012E+02
0000000001148              1.268511E+02
0000000001149              1.263028E+02
0000000001150              1.257570E+02
0000000001151              1.252130E+02
0000000001152              1.246714E+02
0000000001153              1.241317E+02
0000000001154              1.235944E+02
0000000001155              1.230588E+02
0000000001156              1.225254E+02
0000000001157              1.219944E+02
0000000001158              1.214651E+02
0000000001159              1.209382E+02
0000000001160              1.204131E+02
0000000001161              1.198904E+02
0000000001162              1.193694E+02
0000000001163              1.188509E+02
0000000001164              1.183340E+02
0000000001165              1.178191E+02
0000000001166              1.173067E+02
0000000001167              1.167959E+02
0000000001168              1.162876E+02
0000000001169              1.157808E+02
0000000001170              1.152765E+02
0000000001171              1.147738E+02
0000000001172              1.142735E+02
0000000001173              1.137748E+02
0000000001174              1.132780E+02
0000000001175              1.127837E+02
0000000001176              1.122908E+02
0000000001177              1.118005E+02
0000000001178              1.113116E+02
0000000001179              1.108251E+02
0000000001180              1.103402E+02
0000000001181              1.098576E+02
0000000001182              1.093765E+02
0000000001183              1.088973E+02
0000000001184              1.084206E+02
0000000001185              1.079452E+02
0000000001186              1.074724E+02
0000000001187              1.070008E+02
0000000001188              1.065317E+02
0000000001189              1.060640E+02
0000000001190              1.055987E+02
0000000001191              1.051347E+02
0000000001192              1.046732E+02
0000000001193              1.042130E+02
0000000001194              1.037546E+02
0000000001195              1.032987E+02
0000000001196              1.028440E+02
0000000001197              1.023918E+02
0000000001198              1.019408E+02
0000000001199              1.014923E+02
0000000001200              1.010450E+02
0000000001201              1.006001E+02
0000000001202              1.001564E+02
0000000001203              9.971451E+01
0000000001204              9.927507E+01
0000000001205              9.883675E+01
0000000001206              9.840092E+01
0000000001207              9.796619E+01
0000000001208              9.753392E+01
0000000001209              9.710275E+01
0000000001210              9.667401E+01
0000000001211              9.624637E+01
0000000001212              9.582047E+01
0000000001213              9.539701E+01
0000000001214              9.497459E+01
0000000001215              9.455461E+01
0000000001216              9.413568E+01
0000000001217              9.371918E+01
0000000001218              9.330369E+01
0000000001219              9.289058E+01
0000000001220              9.247850E+01
0000000001221              9.206813E+01
0000000001222              9.166018E+01
0000000001223              9.125316E+01
0000000001224              9.084857E+01
0000000001225              9.044492E+01
0000000001226              9.004367E+01
0000000001227              8.964338E+01
0000000001228              8.924547E+01
0000000001229              8.884847E+01
0000000001230              8.845313E+01
0000000001231              8.806017E+01
0000000001232              8.766811E+01
0000000001233              8.727842E+01
0000000001234              8.688960E+01
0000000001235              8.650317E+01
0000000001236              8.611758E+01
0000000001237              8.573437E+01
0000000001238              8.535200E+01
0000000001239              8.497198E+01
0000000001240              8.459281E+01
0000000001241              8.421521E+01
0000000001242              8.383996E+01
0000000001243              8.346551E+01
0000000001244              8.309341E+01
0000000001245              8.272208E+01
0000000001246              8.235310E+01
0000000001247              8.198489E+01
0000000001248              8.161900E+01
0000000001249              8.125388E+01
0000000001250              8.089030E+01
0000000001251              8.052901E+01
0000000001252              8.016848E+01
0000000001253              7.981024E+01
0000000001254              7.945273E+01
0000000001255              7.909753E+01
0000000001256              7.874302E+01
0000000001257              7.839079E+01
0000000001258              7.803928E+01
0000000001259              7.768924E+01
0000000001260              7.734149E+01
0000000001261              7.699443E+01
0000000001262              7.664960E+01
0000000001263              7.630544E+01
0000000001264              7.596355E+01
0000000001265              7.562231E+01
0000000001266              7.528331E+01
0000000001267              7.494498E+01
0000000001268              7.460886E+01
0000000001269              7.427335E+01
0000000001270              7.393931E+01
0000000001271              7.360747E+01
0000000001272              7.327624E+01
0000000001273              7.294722E+01
0000000001274              7.261881E+01
0000000001275              7.229261E+01
0000000001276              7.196698E+01
0000000001277              7.164355E+01
0000000001278              7.132070E+01
0000000001279              7.099924E+01
0000000001280              7.067995E+01
0000000001281              7.036121E+01
0000000001282              7.004466E+01
0000000001283              6.972867E+01
0000000001284              6.941479E+01
0000000001285              6.910147E+01
0000000001286              6.879031E+01
0000000001287              6.847968E+01
0000000001288              6.817119E+01
0000000001289              6.786321E+01
0000000001290              6.755656E+01
0000000001291              6.725202E+01
0000000001292              6.694800E+01
0000000001293              6.664609E+01
0000000001294              6.634467E+01
0000000001295              6.604536E+01
0000000001296              6.574653E+01
0000000001297              6.544978E+01
0000000001298              6.515352E+01
0000000001299              6.485855E+01
0000000001300              6.456561E+01
0000000001301              6.427319E+01
0000000001302              6.398280E+01
0000000001303              6.369287E+01
0000000001304              6.340500E+01
0000000001305              6.311757E+01
0000000001306              6.283219E+01
0000000001307              6.254724E+01
0000000001308              6.226432E+01
0000000001309              6.198183E+01
0000000001310              6.170057E+01
0000000001311              6.142131E+01
0000000001312              6.114249E+01
0000000001313              6.086565E+01
0000000001314              6.058923E+01
0000000001315              6.031480E+01
0000000001316              6.004079E+01
0000000001317              5.976873E+01
0000000001318              5.949709E+01
0000000001319              5.922663E+01
0000000001320              5.895811E+01
0000000001321              5.868999E+01
0000000001322              5.842382E+01
0000000001323              5.815804E+01
0000000001324              5.789417E+01
0000000001325              5.763070E+01
0000000001326              5.736913E+01
0000000001327              5.710795E+01
0000000001328              5.684790E+01
0000000001329              5.658976E+01
0000000001330              5.633198E+01
0000000001331              5.607609E+01
0000000001332              5.582055E+01
0000000001333              5.556689E+01
0000000001334              5.531358E+01
0000000001335              5.506215E+01
0000000001336              5.481106E+01
0000000001337              5.456181E+01
0000000001338              5.431292E+01
0000000001339              5.406511E+01
0000000001340              5.381914E+01
0000000001341              5.357349E+01
0000000001342              5.332968E+01
0000000001343              5.308619E+01
0000000001344              5.284451E+01
0000000001345              5.260315E+01
0000000001346              5.236358E+01
0000000001347              5.212435E+01
0000000001348              5.188688E+01
0000000001349              5.164975E+01
0000000001350              5.141365E+01
0000000001351              5.117931E+01
0000000001352              5.094529E+01
0000000001353              5.071302E+01
0000000001354              5.048105E+01
0000000001355              5.025082E+01
0000000001356              5.002090E+01
0000000001357              4.979269E+01
0000000001358              4.956479E+01
0000000001359              4.933788E+01
0000000001360              4.911271E+01
0000000001361              4.888779E+01
0000000001362              4.866460E+01
0000000001363              4.844168E+01
0000000001364              4.822044E+01
0000000001365              4.799949E+01
0000000001366              4.778021E+01
0000000001367              4.756122E+01
0000000001368              4.734388E+01
0000000001369              4.712680E+01
0000000001370              4.691069E+01
0000000001371              4.669624E+01
0000000001372              4.648205E+01
0000000001373              4.626948E+01
0000000001374              4.605717E+01
0000000001375              4.584650E+01
0000000001376              4.563608E+01
0000000001377              4.542727E+01
0000000001378              4.521871E+01
0000000001379              4.501107E+01
0000000001380              4.480503E+01
0000000001381              4.459924E+01
0000000001382              4.439503E+01
0000000001383              4.419106E+01
0000000001384              4.398866E+01
0000000001385              4.378650E+01
0000000001386              4.358590E+01
0000000001387              4.338554E+01
0000000001388              4.318672E+01
0000000001389              4.298814E+01
0000000001390              4.279045E+01
0000000001391              4.259428E+01
0000000001392              4.239834E+01
0000000001393              4.220391E+01
0000000001394              4.200972E+01
0000000001395              4.181703E+01
0000000001396              4.162456E+01
0000000001397              4.143359E+01
0000000001398              4.124284E+01
0000000001399              4.105356E+01
0000000001400              4.086451E+01
0000000001401              4.067631E+01
0000000001402              4.048956E+01
0000000001403              4.030305E+01
0000000001404              4.011797E+01
0000000001405              3.993311E+01
0000000001406              3.974968E+01
0000000001407              3.956647E+01
0000000001408              3.938469E+01
0000000001409              3.920311E+01
0000000001410              3.902235E+01
0000000001411              3.884300E+01
0000000001412              3.866385E+01
0000000001413              3.848611E+01
0000000001414              3.830856E+01
0000000001415              3.813242E+01
0000000001416              3.795647E+01
0000000001417              3.778189E+01
0000000001418              3.760751E+01
0000000001419              3.743450E+01
0000000001420              3.726169E+01
0000000001421              3.708965E+01
0000000001422              3.691896E+01
0000000001423              3.674847E+01
0000000001424              3.657931E+01
0000000001425              3.641035E+01
0000000001426              3.624271E+01
0000000001427              3.607525E+01
0000000001428              3.590912E+01
0000000001429              3.574318E+01
0000000001430              3.557853E+01
0000000001431              3.541408E+01
0000000001432              3.525037E+01
0000000001433              3.508795E+01
0000000001434              3.492571E+01
0000000001435              3.476474E+01
0000000001436              3.460396E+01
0000000001437              3.444444E+01
0000000001438              3.428510E+01
0000000001439              3.412703E+01
0000000001440              3.396912E+01
0000000001441              3.381246E+01
0000000001442              3.365598E+01
0000000001443              3.350022E+01
0000000001444              3.334567E+01
0000000001445              3.319131E+01
0000000001446              3.303815E+01
0000000001447              3.288519E+01
0000000001448              3.273341E+01
0000000001449              3.258182E+01
0000000001450              3.243142E+01
0000000001451              3.228119E+01
0000000001452              3.213164E+01
0000000001453              3.198327E+01
0000000001454              3.183508E+01
0000000001455              3.168806E+01
0000000001456              3.154120E+01
0000000001457              3.139550E+01
0000000001458              3.124997E+01
0000000001459              3.110559E+01
0000000001460              3.096137E+01
0000000001461              3.081829E+01
0000000001462              3.067538E+01
0000000001463              3.053312E+01
0000000001464              3.039198E+01
0000000001465              3.025101E+01
0000000001466              3.011115E+01
0000000001467              2.997145E+01
0000000001468              2.983286E+01
0000000001469              2.969443E+01
0000000001470              2.955709E+01
0000000001471              2.941991E+01
0000000001472              2.928381E+01
0000000001473              2.914788E+01
0000000001474              2.901257E+01
0000000001475              2.887832E+01
0000000001476              2.874423E+01
0000000001477              2.861120E+01
0000000001478              2.847833E+01
0000000001479              2.834650E+01
0000000001480              2.821484E+01
0000000001481              2.808421E+01
0000000001482              2.795374E+01
0000000001483              2.782430E+01
0000000001484              2.769501E+01
0000000001485              2.756632E+01
0000000001486              2.743864E+01
0000000001487              2.731111E+01
0000000001488              2.718459E+01
0000000001489              2.705823E+01
0000000001490              2.693285E+01
0000000001491              2.680764E+01
0000000001492              2.668341E+01
0000000001493              2.655933E+01
0000000001494              2.643623E+01
0000000001495              2.631328E+01
0000000001496              2.619089E+01
0000000001497              2.606947E+01
0000000001498              2.594820E+01
0000000001499              2.582788E+01
0000000001500              2.570771E+01
0000000001501              2.558848E+01
0000000001502              2.546941E+01
0000000001503              2.535128E+01
0000000001504              2.523329E+01
0000000001505              2.511623E+01
0000000001506              2.499931E+01
0000000001507              2.488294E+01
0000000001508              2.476748E+01
0000000001509              2.465216E+01
0000000001510              2.453775E+01
0000000001511              2.442349E+01
0000000001512              2.431012E+01
0000000001513              2.419691E+01
0000000001514              2.408457E+01
0000000001515              2.397239E+01
0000000001516              2.386107E+01
0000000001517              2.374992E+01
0000000001518              2.363927E+01
0000000001519              2.352948E+01
0000000001520              2.341984E+01
0000000001521              2.331106E+01
0000000001522              2.320242E+01
0000000001523              2.309463E+01
0000000001524              2.298699E+01
0000000001525              2.288018E+01
0000000001526              2.277352E+01
0000000001527              2.266769E+01
0000000001528              2.256201E+01
0000000001529              2.245682E+01
0000000001530              2.235243E+01
0000000001531              2.224820E+01
0000000001532              2.214477E+01
0000000001533              2.204149E+01
0000000001534              2.193901E+01
0000000001535              2.183668E+01
0000000001536              2.173514E+01
0000000001537              2.163374E+01
0000000001538              2.153313E+01
0000000001539              2.143266E+01
0000000001540              2.133266E+01
0000000001541              2.123342E+01
0000000001542              2.113434E+01
0000000001543              2.103601E+01
0000000001544              2.093784E+01
0000000001545              2.084041E+01
0000000001546              2.074313E+01
0000000001547              2.064660E+01
0000000001548              2.055022E+01
0000000001549              2.045457E+01
0000000001550              2.035907E+01
0000000001551              2.026401E+01
0000000001552              2.016968E+01
0000000001553              2.007549E+01
0000000001554              1.998203E+01
0000000001555              1.988870E+01
0000000001556              1.979609E+01
0000000001557              1.970362E+01
0000000001558              1.961186E+01
0000000001559              1.952025E+01
0000000001560              1.942933E+01
0000000001561              1.933856E+01
0000000001562              1.924821E+01
0000000001563              1.915854E+01
0000000001564              1.906902E+01
0000000001565              1.898017E+01
0000000001566              1.889147E+01
0000000001567              1.880344E+01
0000000001568              1.871556E+01
0000000001569              1.862834E+01
0000000001570              1.854127E+01
0000000001571              1.845485E+01
0000000001572              1.836858E+01
0000000001573              1.828270E+01
0000000001574              1.819747E+01
0000000001575              1.811239E+01
0000000001576              1.802794E+01
0000000001577              1.794365E+01
0000000001578              1.785998E+01
0000000001579              1.777645E+01
0000000001580              1.769355E+01
0000000001581              1.761080E+01
0000000001582              1.752866E+01
0000000001583              1.744668E+01
0000000001584              1.736506E+01
0000000001585              1.728406E+01
0000000001586              1.720320E+01
0000000001587              1.712294E+01
0000000001588              1.704283E+01
0000000001589              1.696331E+01
0000000001590              1.688393E+01
0000000001591              1.680514E+01
0000000001592              1.672651E+01
0000000001593              1.664844E+01
0000000001594              1.657053E+01
0000000001595              1.649298E+01
0000000001596              1.641599E+01
0000000001597              1.633915E+01
0000000001598              1.626287E+01
0000000001599              1.618675E+01
0000000001600              1.611117E+01
0000000001601              1.603575E+01
0000000001602              1.596087E+01
0000000001603              1.588614E+01
0000000001604              1.581195E+01
0000000001605              1.573792E+01
0000000001606              1.566422E+01
0000000001607              1.559106E+01
0000000001608              1.551805E+01
0000000001609              1.544556E+01
0000000001610              1.537322E+01
0000000001611              1.530140E+01
0000000001612              1.522974E+01
0000000001613              1.515858E+01
0000000001614              1.508757E+01
0000000001615              1.501707E+01
0000000001616              1.494672E+01
0000000001617              1.487670E+01
0000000001618              1.480718E+01
0000000001619              1.473780E+01
0000000001620              1.466892E+01
0000000001621              1.460019E+01
0000000001622              1.453194E+01
0000000001623              1.446384E+01
0000000001624              1.439623E+01
0000000001625              1.432876E+01
0000000001626              1.426176E+01
0000000001627              1.419493E+01
0000000001628              1.412855E+01
0000000001629              1.406233E+01
0000000001630              1.399642E+01
0000000001631              1.393096E+01
0000000001632              1.386566E+01
0000000001633              1.380081E+01
0000000001634              1.373611E+01
0000000001635              1.367186E+01
0000000001636              1.360777E+01
0000000001637              1.354411E+01
0000000001638              1.348061E+01
0000000001639              1.341754E+01
0000000001640              1.335462E+01
0000000001641              1.329200E+01
0000000001642              1.322981E+01
0000000001643              1.316776E+01
0000000001644              1.310615E+01
0000000001645              1.304468E+01
0000000001646              1.298363E+01
0000000001647              1.292274E+01
0000000001648              1.286225E+01
0000000001649              1.280192E+01
0000000001650              1.274200E+01
0000000001651              1.268223E+01
0000000001652              1.262274E+01
0000000001653              1.256365E+01
0000000001654              1.250470E+01
0000000001655              1.244616E+01
0000000001656              1.238776E+01
0000000001657              1.232976E+01
0000000001658              1.227191E+01
0000000001659              1.221445E+01
0000000001660              1.215713E+01
0000000001661              1.210020E+01
0000000001662              1.204342E+01
0000000001663              1.198701E+01
0000000001664              1.193076E+01
0000000001665              1.187477E+01
0000000001666              1.181914E+01
0000000001667              1.176367E+01
0000000001668              1.170856E+01
0000000001669              1.165361E+01
0000000001670              1.159901E+01
0000000001671              1.154457E+01
0000000001672              1.149048E+01
0000000001673              1.143654E+01
0000000001674              1.138295E+01
0000000001675              1.132951E+01
0000000001676              1.127632E+01
0000000001677              1.122348E+01
0000000001678              1.117078E+01
0000000001679              1.111843E+01
0000000001680              1.106623E+01
0000000001681              1.101436E+01
0000000001682              1.096264E+01
0000000001683              1.091125E+01
0000000001684              1.086002E+01
0000000001685              1.080910E+01
0000000001686              1.075835E+01
0000000001687              1.070782E+01
0000000001688              1.065762E+01
0000000001689              1.060757E+01
0000000001690              1.055783E+01
0000000001691              1.050824E+01
0000000001692              1.045897E+01
0000000001693              1.040984E+01
0000000001694              1.036102E+01
0000000001695              1.031236E+01
0000000001696              1.026399E+01
0000000001697              1.021578E+01
0000000001698              1.016786E+01
0000000001699              1.012010E+01
0000000001700              1.007256E+01
0000000001701              1.002531E+01
0000000001702              9.978211E+00
0000000001703              9.931398E+00
0000000001704              9.884739E+00
0000000001705              9.838363E+00
0000000001706              9.792139E+00
0000000001707              9.746192E+00
0000000001708              9.700400E+00
0000000001709              9.654879E+00
0000000001710              9.609512E+00
0000000001711              9.564357E+00
0000000001712              9.519474E+00
0000000001713              9.474740E+00
0000000001714              9.430271E+00
0000000001715              9.385953E+00
0000000001716              9.341901E+00
0000000001717              9.297997E+00
0000000001718              9.254351E+00
0000000001719              9.210859E+00
0000000001720              9.167619E+00
0000000001721              9.124533E+00
0000000001722              9.081692E+00
0000000001723              9.039007E+00
0000000001724              8.996521E+00
0000000001725              8.954282E+00
0000000001726              8.912190E+00
0000000001727              8.870342E+00
0000000001728              8.828646E+00
0000000001729              8.787187E+00
0000000001730              8.745879E+00
0000000001731              8.704806E+00
0000000001732              8.663882E+00
0000000001733              8.623190E+00
0000000001734              8.582652E+00
0000000001735              8.542300E+00
0000000001736              8.502177E+00
0000000001737              8.462204E+00
0000000001738              8.422453E+00
0000000001739              8.382853E+00
0000000001740              8.343471E+00
0000000001741              8.304241E+00
0000000001742              8.265227E+00
0000000001743              8.226364E+00
0000000001744              8.187711E+00
0000000001745              8.149212E+00
0000000001746              8.110917E+00
0000000001747              8.072778E+00
0000000001748              8.034817E+00
0000000001749              7.997058E+00
0000000001750              7.959452E+00
0000000001751              7.922044E+00
0000000001752              7.884789E+00
0000000001753              7.847729E+00
0000000001754              7.810823E+00
0000000001755              7.774109E+00
0000000001756              7.737547E+00
0000000001757              7.701174E+00
0000000001758              7.664955E+00
0000000001759              7.628903E+00
0000000001760              7.593040E+00
0000000001761              7.557326E+00
0000000001762              7.521796E+00
0000000001763              7.486417E+00
0000000001764              7.451217E+00
0000000001765              7.416169E+00
0000000001766              7.381297E+00
0000000001767              7.346577E+00
0000000001768              7.312028E+00
0000000001769              7.277633E+00
0000000001770              7.243407E+00
0000000001771              7.209334E+00
0000000001772              7.175418E+00
0000000001773              7.141672E+00
0000000001774              7.108075E+00
0000000001775              7.074642E+00
0000000001776              7.041359E+00
0000000001777              7.008239E+00
0000000001778              6.975268E+00
0000000001779              6.942454E+00
0000000001780              6.909793E+00
0000000001781              6.877285E+00
0000000001782              6.844929E+00
0000000001783              6.812724E+00
0000000001784              6.780672E+00
0000000001785              6.748767E+00
0000000001786              6.717015E+00
0000000001787              6.685409E+00
0000000001788              6.653951E+00
0000000001789              6.622643E+00
0000000001790              6.591477E+00
0000000001791              6.560463E+00
0000000001792              6.529587E+00
0000000001793              6.498864E+00
0000000001794              6.468277E+00
0000000001795              6.437840E+00
0000000001796              6.407544E+00
0000000001797              6.377387E+00
0000000001798              6.347375E+00
0000000001799              6.317498E+00
0000000001800              6.287769E+00
0000000001801              6.258170E+00
0000000001802              6.228719E+00
0000000001803              6.199395E+00
0000000001804              6.170221E+00
0000000001805              6.141171E+00
0000000001806              6.112270E+00
0000000001807              6.083504E+00
0000000001808              6.054862E+00
0000000001809              6.026365E+00
0000000001810              5.997990E+00
0000000001811              5.969760E+00
0000000001812              5.941648E+00
0000000001813              5.913685E+00
0000000001814              5.885835E+00
0000000001815              5.858135E+00
0000000001816              5.830544E+00
0000000001817              5.803103E+00
0000000001818              5.775770E+00
0000000001819              5.748587E+00
0000000001820              5.721528E+00
0000000001821              5.694579E+00
0000000001822              5.667776E+00
0000000001823              5.641078E+00
0000000001824              5.614524E+00
0000000001825              5.588076E+00
0000000001826              5.561773E+00
0000000001827              5.535571E+00
0000000001828              5.509515E+00
0000000001829              5.483555E+00
0000000001830              5.457745E+00
0000000001831              5.432028E+00
0000000001832              5.406461E+00
0000000001833              5.381009E+00
0000000001834              5.355655E+00
0000000001835              5.330444E+00
0000000001836              5.305326E+00
0000000001837              5.280351E+00
0000000001838              5.255466E+00
0000000001839              5.230727E+00
0000000001840              5.206075E+00
0000000001841              5.181568E+00
0000000001842              5.157145E+00
0000000001843              5.132868E+00
0000000001844              5.108704E+00
0000000001845              5.084625E+00
0000000001846              5.060688E+00
0000000001847              5.036833E+00
0000000001848              5.013121E+00
0000000001849              4.989489E+00
0000000001850              4.966000E+00
0000000001851              4.942587E+00
0000000001852              4.919318E+00
0000000001853              4.896125E+00
0000000001854              4.873076E+00
0000000001855              4.850098E+00
0000000001856              4.827265E+00
0000000001857              4.804538E+00
0000000001858              4.781884E+00
0000000001859              4.759370E+00
0000000001860              4.736928E+00
0000000001861              4.714626E+00
0000000001862              4.692393E+00
0000000001863              4.670301E+00
0000000001864              4.648275E+00
0000000001865              4.626391E+00
0000000001866              4.604569E+00
0000000001867              4.582892E+00
0000000001868              4.561275E+00
0000000001869              4.539800E+00
0000000001870              4.518425E+00
0000000001871              4.497113E+00
0000000001872              4.475939E+00
0000000001873              4.454824E+00
0000000001874              4.433850E+00
0000000001875              4.412933E+00
0000000001876              4.392157E+00
0000000001877              4.371434E+00
0000000001878              4.350852E+00
0000000001879              4.330324E+00
0000000001880              4.309936E+00
0000000001881              4.289599E+00
0000000001882              4.269404E+00
0000000001883              4.249301E+00
0000000001884              4.229250E+00
0000000001885              4.209337E+00
0000000001886              4.189473E+00
0000000001887              4.169748E+00
0000000001888              4.150070E+00
0000000001889              4.130530E+00
0000000001890              4.111036E+00
0000000001891              4.091681E+00
0000000001892              4.072367E+00
0000000001893              4.053194E+00
0000000001894              4.034061E+00
0000000001895              4.015068E+00
0000000001896              3.996164E+00
0000000001897              3.977300E+00
0000000001898              3.958573E+00
0000000001899              3.939887E+00
0000000001900              3.921335E+00
0000000001901              3.902823E+00
0000000001902              3.884447E+00
0000000001903              3.866107E+00
0000000001904              3.847904E+00
0000000001905              3.829735E+00
0000000001906              3.811704E+00
0000000001907              3.793755E+00
0000000001908              3.775844E+00
0000000001909              3.758064E+00
0000000001910              3.740320E+00
0000000001911              3.722708E+00
0000000001912              3.705129E+00
0000000001913              3.687683E+00
0000000001914              3.670268E+00
0000000001915              3.652986E+00
0000000001916              3.635733E+00
0000000001917              3.618615E+00
0000000001918              3.601523E+00
0000000001919              3.584567E+00
0000000001920              3.567688E+00
0000000001921              3.550838E+00
0000000001922              3.534118E+00
0000000001923              3.517425E+00
0000000001924              3.500863E+00
0000000001925              3.484325E+00
0000000001926              3.467919E+00
0000000001927              3.451536E+00
0000000001928              3.435285E+00
0000000001929              3.419055E+00
0000000001930              3.402957E+00
0000000001931              3.386879E+00
0000000001932              3.370933E+00
0000000001933              3.355060E+00
0000000001934              3.339209E+00
0000000001935              3.323486E+00
0000000001936              3.307782E+00
0000000001937              3.292208E+00
0000000001938              3.276651E+00
0000000001939              3.261223E+00
0000000001940              3.245811E+00
0000000001941              3.230529E+00
0000000001942              3.215261E+00
0000000001943              3.200123E+00
0000000001944              3.184997E+00
0000000001945              3.170002E+00
0000000001946              3.155076E+00
0000000001947              3.140164E+00
0000000001948              3.125378E+00
0000000001949              3.110607E+00
0000000001950              3.095961E+00
0000000001951              3.081326E+00
0000000001952              3.066819E+00
0000000001953              3.052321E+00
0000000001954              3.037951E+00
0000000001955              3.023588E+00
0000000001956              3.009353E+00
0000000001957              2.995125E+00
0000000001958              2.981024E+00
0000000001959              2.966988E+00
0000000001960              2.952961E+00
0000000001961              2.939058E+00
0000000001962              2.925161E+00
0000000001963              2.911389E+00
0000000001964              2.897622E+00
0000000001965              2.883981E+00
0000000001966              2.870342E+00
0000000001967              2.856829E+00
0000000001968              2.843318E+00
0000000001969              2.829933E+00
0000000001970              2.816548E+00
0000000001971              2.803288E+00
0000000001972              2.790090E+00
0000000001973              2.776895E+00
0000000001974              2.763821E+00
0000000001975              2.750748E+00
0000000001976              2.737798E+00
0000000001977              2.724848E+00
0000000001978              2.712019E+00
0000000001979              2.699191E+00
0000000001980              2.686484E+00
0000000001981              2.673775E+00
0000000001982              2.661188E+00
0000000001983              2.648597E+00
0000000001984              2.636128E+00
0000000001985              2.623718E+00
0000000001986              2.611305E+00
0000000001987              2.599012E+00
0000000001988              2.586715E+00
0000000001989              2.574537E+00
0000000001990              2.562356E+00
0000000001991              2.550293E+00
0000000001992              2.538225E+00
0000000001993              2.526277E+00
0000000001994              2.514322E+00
0000000001995              2.502486E+00
0000000001996              2.490643E+00
0000000001997              2.478919E+00
0000000001998              2.467186E+00
0000000001999              2.455574E+00
0000000002000              2.444014E+00
0000000002001              2.432447E+00
0000000002002              2.420996E+00
0000000002003              2.409538E+00
0000000002004              2.398196E+00
0000000002005              2.386844E+00
0000000002006              2.375609E+00
0000000002007              2.364363E+00
0000000002008              2.353234E+00
0000000002009              2.342093E+00
0000000002010              2.331071E+00
0000000002011              2.320098E+00
0000000002012              2.309115E+00
0000000002013              2.298245E+00
0000000002014              2.287365E+00
0000000002015              2.276598E+00
0000000002016              2.265820E+00
0000000002017              2.255155E+00
0000000002018              2.244477E+00
0000000002019              2.233912E+00
0000000002020              2.223334E+00
0000000002021              2.212870E+00
0000000002022              2.202390E+00
0000000002023              2.192026E+00
0000000002024              2.181643E+00
0000000002025              2.171377E+00
0000000002026              2.161156E+00
0000000002027              2.150922E+00
0000000002028              2.140798E+00
0000000002029              2.130659E+00
0000000002030              2.120631E+00
0000000002031              2.110587E+00
0000000002032              2.100654E+00
0000000002033              2.090704E+00
0000000002034              2.080864E+00
0000000002035              2.071007E+00
0000000002036              2.061261E+00
0000000002037              2.051496E+00
0000000002038              2.041842E+00
0000000002039              2.032233E+00
0000000002040              2.022605E+00
0000000002041              2.013087E+00
0000000002042              2.003550E+00
0000000002043              1.994121E+00
0000000002044              1.984673E+00
0000000002045              1.975333E+00
0000000002046              1.965973E+00
0000000002047              1.956723E+00
0000000002048              1.947450E+00
0000000002049              1.938287E+00
0000000002050              1.929101E+00
0000000002051              1.920024E+00
0000000002052              1.910989E+00
0000000002053              1.901933E+00
0000000002054              1.892984E+00
0000000002055              1.884013E+00
0000000002056              1.875147E+00
0000000002057              1.866260E+00
0000000002058              1.857479E+00
0000000002059              1.848675E+00
0000000002060              1.839977E+00
0000000002061              1.831255E+00
0000000002062              1.822639E+00
0000000002063              1.813999E+00
0000000002064              1.805465E+00
0000000002065              1.796970E+00
0000000002066              1.788452E+00
0000000002067              1.780037E+00
0000000002068              1.771599E+00
0000000002069              1.763264E+00
0000000002070              1.754904E+00
0000000002071              1.746648E+00
0000000002072              1.738367E+00
0000000002073              1.730189E+00
0000000002074              1.721985E+00
0000000002075              1.713884E+00
0000000002076              1.705756E+00
0000000002077              1.697733E+00
0000000002078              1.689745E+00
0000000002079              1.681733E+00
0000000002080              1.673822E+00
0000000002081              1.665884E+00
0000000002082              1.658048E+00
0000000002083              1.650184E+00
0000000002084              1.642422E+00
0000000002085              1.634632E+00
0000000002086              1.626943E+00
0000000002087              1.619226E+00
0000000002088              1.611610E+00
0000000002089              1.603965E+00
0000000002090              1.596421E+00
0000000002091              1.588847E+00
0000000002092              1.581375E+00
0000000002093              1.573936E+00
0000000002094              1.566470E+00
0000000002095              1.559102E+00
0000000002096              1.551706E+00
0000000002097              1.544408E+00
0000000002098              1.537080E+00
0000000002099              1.529851E+00
0000000002100              1.522592E+00
0000000002101              1.515431E+00
0000000002102              1.508240E+00
0000000002103              1.501148E+00
0000000002104              1.494023E+00
0000000002105              1.486998E+00
0000000002106              1.480004E+00
0000000002107              1.472982E+00
0000000002108              1.466054E+00
0000000002109              1.459097E+00
0000000002110              1.452235E+00
0000000002111              1.445343E+00
0000000002112              1.438546E+00
0000000002113              1.431718E+00
0000000002114              1.424986E+00
0000000002115              1.418222E+00
0000000002116              1.411554E+00
0000000002117              1.404853E+00
0000000002118              1.398247E+00
0000000002119              1.391672E+00
0000000002120              1.385066E+00
0000000002121              1.378553E+00
0000000002122              1.372009E+00
0000000002123              1.365558E+00
0000000002124              1.359076E+00
0000000002125              1.352685E+00
0000000002126              1.346263E+00
0000000002127              1.339934E+00
0000000002128              1.333571E+00
0000000002129              1.327302E+00
0000000002130              1.320999E+00
0000000002131              1.314789E+00
0000000002132              1.308545E+00
0000000002133              1.302394E+00
0000000002134              1.296271E+00
0000000002135              1.290115E+00
0000000002136              1.284050E+00
0000000002137              1.277953E+00
0000000002138              1.271945E+00
0000000002139              1.265904E+00
0000000002140              1.259953E+00
0000000002141              1.253969E+00
0000000002142              1.248075E+00
0000000002143              1.242146E+00
0000000002144              1.236308E+00
0000000002145              1.230435E+00
0000000002146              1.224652E+00
0000000002147              1.218895E+00
0000000002148              1.213105E+00
0000000002149              1.207403E+00
0000000002150              1.201667E+00
0000000002151              1.196019E+00
0000000002152              1.190338E+00
0000000002153              1.184743E+00
0000000002154              1.179114E+00
0000000002155              1.173572E+00
0000000002156              1.167996E+00
0000000002157              1.162507E+00
0000000002158              1.156983E+00
0000000002159              1.151546E+00
0000000002160              1.146134E+00
0000000002161              1.140688E+00
0000000002162              1.135327E+00
0000000002163              1.129932E+00
0000000002164              1.124622E+00
0000000002165              1.119278E+00
0000000002166              1.114018E+00
0000000002167              1.108723E+00
0000000002168              1.103514E+00
0000000002169              1.098268E+00
0000000002170              1.093108E+00
0000000002171              1.087912E+00
0000000002172              1.082801E+00
0000000002173              1.077653E+00
0000000002174              1.072590E+00
0000000002175              1.067550E+00
0000000002176              1.062476E+00
0000000002177              1.057484E+00
0000000002178              1.052457E+00
0000000002179              1.047512E+00
0000000002180              1.042532E+00
0000000002181              1.037634E+00
0000000002182              1.032700E+00
0000000002183              1.027848E+00
0000000002184              1.022961E+00
0000000002185              1.018156E+00
0000000002186              1.013314E+00
0000000002187              1.008554E+00
0000000002188              1.003757E+00
0000000002189              9.990428E-01
0000000002190              9.943494E-01
0000000002191              9.896211E-01
0000000002192              9.849722E-01
0000000002193              9.802881E-01
0000000002194              9.756832E-01
0000000002195              9.710429E-01
0000000002196              9.664818E-01
0000000002197              9.618846E-01
0000000002198              9.573669E-01
0000000002199              9.528127E-01
0000000002200              9.483379E-01
0000000002201              9.438261E-01
0000000002202              9.393938E-01
0000000002203              9.349812E-01
0000000002204              9.305338E-01
0000000002205              9.261631E-01
0000000002206              9.217575E-01
0000000002207              9.174281E-01
0000000002208              9.130635E-01
0000000002209              9.087754E-01
0000000002210              9.044515E-01
0000000002211              9.002042E-01
0000000002212              8.959206E-01  ESTADO ESTACIONRIO ALCANADO
  
A SIMULAO PREDIZ QUE O NMERO DE DIAS DA PANDEMIA SERIA:  2215.00 DIAS.
