           6          21   9.90192802E-07
           7          25   9.31023692E-07
           8          28   9.58362421E-07
           9          31   8.46749174E-07
          10          33   9.57633006E-07
          11          35   9.74502541E-07
          12          37   8.17849013E-07
          13          39   7.02495868E-07
          14          40   7.93677259E-07
          15          41   9.57278075E-07
          16          43   8.05724255E-07
          17          44   7.69993733E-07
          18          45   8.64410936E-07
          19          46   9.15119188E-07
          20          47   9.26511404E-07
          21          48   9.51695029E-07
          22          49   9.85792781E-07
          23          50   9.41353278E-07
          24          51   9.95308937E-07
          25          53   7.28890598E-07
          26          53   9.71631380E-07
          27          54   9.57546376E-07
          28          55   9.51307129E-07
          29          56   9.56711688E-07
          30          57   9.36429956E-07
          31          58   9.08992092E-07
          32          59   9.00594159E-07
          33          60   8.83203370E-07
          34          61   8.09669245E-07
          35          62   8.02798581E-07
          36          63   8.05543095E-07
          37          63   9.87373596E-07
          38          64   9.53508561E-07
          39          65   9.74295176E-07
          40          66   9.01409180E-07
          41          67   8.64345111E-07
          42          68   8.22897164E-07
          43          69   8.14511338E-07
          44          70   7.86545058E-07
          45          70   9.71209829E-07
          46          71   9.50157812E-07
          47          72   8.74517013E-07
          48          73   8.67388678E-07
          49          74   8.18656360E-07
          50          75   7.41251597E-07
          51          75   9.28422253E-07
          52          76   8.80759899E-07
          53          77   8.45863894E-07
          54          78   8.35301421E-07
          55          78   9.73595775E-07
          56          79   9.45674174E-07
          57          80   8.84530721E-07
          58          81   8.40879693E-07
          59          82   7.88076932E-07
          60          82   9.68304448E-07
          61          83   9.33748993E-07
          62          84   8.55450082E-07
          63          85   8.20348248E-07
          64          85   9.84681037E-07
          65          86   9.45946340E-07
          66          87   8.86192822E-07
          67          88   8.33928254E-07
          68          89   7.94365747E-07
          69          89   9.53892140E-07
          70          90   8.99440010E-07
          71          91   8.34658579E-07
          72          92   7.98658903E-07
          73          92   9.54620305E-07
          74          93   8.88988382E-07
          75          94   8.60148248E-07
          76          95   7.98253609E-07
          77          95   9.81169819E-07
          78          96   9.18524393E-07
          79          97   8.88877651E-07
          80          98   8.09409812E-07
          81          98   9.42492591E-07
          82          99   9.23685150E-07
          83         100   8.33883291E-07
          84         100   9.87158501E-07
          85         101   9.16379292E-07
          86         102   8.65173547E-07
          87         103   8.24887309E-07
          88         103   9.74631121E-07
          89         104   8.97063558E-07
          90         105   8.44855549E-07
          91         105   9.70810220E-07
          92         106   9.29176451E-07
          93         107   8.78268281E-07
          94         108   8.38151152E-07
          95         108   9.70082169E-07
          96         109   8.90672993E-07
          97         110   8.51695688E-07
          98         110   9.90242711E-07
          99         111   9.24304857E-07
         100         112   8.40403743E-07
         101         112   9.62719014E-07
         102         113   9.29016096E-07
         103         114   8.66812286E-07
         104         115   8.24431311E-07
         105         115   9.41295411E-07
         106         116   8.85768827E-07
         107         117   8.34741513E-07
         108         117   9.62201511E-07
         109         118   9.24709639E-07
         110         119   8.57693067E-07
         111         120   8.05479658E-07
         112         120   9.16496447E-07
         113         121   8.74342561E-07
         114         121   9.98348241E-07
         115         122   9.43871783E-07
         116         123   8.83133453E-07
         117         124   8.27567874E-07
         118         124   9.62216973E-07
         119         125   8.88880322E-07
         120         126   8.13686995E-07
         121         126   9.38824030E-07
         122         127   9.07067658E-07
         123         128   8.63486264E-07
         124         128   9.80681875E-07
         125         129   9.24658082E-07
         126         130   8.85977215E-07
         127         130   9.84031544E-07
         128         131   9.43297664E-07
         129         132   8.94687446E-07
         130         133   8.34767377E-07
         131         133   9.53894073E-07
         132         134   9.01657984E-07
         133         135   8.42569932E-07
         134         135   9.60619445E-07
         135         136   9.06028674E-07
         136         137   8.47984438E-07
         137         137   9.80377081E-07
         138         138   9.16536976E-07
         139         139   8.66314338E-07
         140         139   9.82499614E-07
         141         140   9.16582849E-07
         142         141   8.77304672E-07
         143         141   9.83539053E-07
         144         142   9.42622535E-07
         145         143   8.87790804E-07
         146         143   9.99094823E-07
         147         144   9.61532692E-07
         148         145   9.02300030E-07
         149         146   8.61215597E-07
         150         146   9.74221621E-07
         151         147   9.17383318E-07
         152         148   8.69877908E-07
         153         148   9.84801204E-07
         154         149   9.28004624E-07
         155         150   8.73463136E-07
         156         150   9.88253987E-07
         157         151   9.37660957E-07
         158         152   8.97336690E-07
         159         153   8.44422573E-07
         160         153   9.55577775E-07
         161         154   9.01783835E-07
         162         155   8.69095118E-07
         163         155   9.73497663E-07
         164         156   9.19527565E-07
         165         157   8.79372863E-07
         166         157   9.90589228E-07
         167         158   9.43492921E-07
         168         159   8.94420225E-07
         169         160   8.54416044E-07
         170         160   9.60661851E-07
         171         161   9.07053561E-07
         172         162   8.66390224E-07
         173         162   9.73069405E-07
         174         163   9.31495151E-07
         175         164   8.88233160E-07
         176         164   9.94299967E-07
         177         165   9.50735512E-07
         178         166   9.06689706E-07
         179         167   8.63158334E-07
         180         167   9.69483722E-07
         181         168   9.25220377E-07
         182         169   8.89167097E-07
         183         169   9.92606488E-07
         184         170   9.47241404E-07
         185         171   9.05860702E-07
         186         172   8.65508014E-07
         187         172   9.69815915E-07
         188         173   9.27897929E-07
         189         174   8.86283601E-07
         190         174   9.91543516E-07
         191         175   9.49929643E-07
         192         176   9.08898983E-07
         193         177   8.69002292E-07
         194         177   9.70898668E-07
         195         178   9.30351291E-07
         196         179   8.90415151E-07
         197         179   9.93692197E-07
         198         180   9.52256244E-07
         199         181   9.12535086E-07
         200         182   8.73407146E-07
         201         182   9.75355988E-07
         202         183   9.34379841E-07
         203         184   8.95049254E-07
         204         184   9.96410108E-07
         205         185   9.56136887E-07
         206         186   9.16660269E-07
         207         187   8.78954097E-07
         208         187   9.78559342E-07
         209         188   9.37610764E-07
         210         189   9.00520092E-07
         211         190   8.62808577E-07
         212         190   9.59897079E-07
         213         191   9.20149034E-07
         214         192   8.80740060E-07
         215         192   9.79451784E-07
         216         193   9.39234269E-07
         217         194   9.01244732E-07
         218         195   8.65292691E-07
         219         195   9.60865236E-07
         220         196   9.21655499E-07
         221         197   8.83448763E-07
         222         197   9.80417894E-07
         223         198   9.39700044E-07
         224         199   9.01369845E-07
         225         199   9.99806048E-07
         226         200   9.60461989E-07
         227         201   9.21849619E-07
         228         202   8.82068377E-07
         229         202   9.77549007E-07
         230         203   9.37629522E-07
         231         204   8.99705128E-07
         232         204   9.96071549E-07
         233         205   9.54151915E-07
         234         206   9.14734073E-07
         235         207   8.78549145E-07
         236         207   9.72796670E-07
         237         208   9.32123953E-07
         238         209   8.93391245E-07
         239         209   9.87692601E-07
         240         210   9.47194508E-07
         241         211   9.08759148E-07
         242         212   8.71443774E-07
         243         212   9.61602836E-07
         244         213   9.26185635E-07
         245         214   8.85538611E-07
         246         214   9.78577873E-07
         247         215   9.38129460E-07
         248         216   8.97920756E-07
         249         216   9.90654712E-07
         250         217   9.46866408E-07
         251         218   9.09877770E-07
         252         219   8.70269616E-07
         253         219   9.61075216E-07
         254         220   9.22148331E-07
         255         221   8.81862377E-07
         256         221   9.73786769E-07
         257         222   9.31513171E-07
         258         223   8.91522006E-07
         259         223   9.81366838E-07
         260         224   9.44130591E-07
         261         225   9.03279101E-07
         262         225   9.94285529E-07
         263         226   9.52979917E-07
         264         227   9.13373356E-07
         265         228   8.72665282E-07
         266         228   9.60031230E-07
         267         229   9.20092248E-07
         268         230   8.81947926E-07
         269         230   9.71274289E-07
         270         231   9.30395686E-07
         271         232   8.89493037E-07
         272         232   9.77637228E-07
         273         233   9.38088931E-07
         274         234   8.95888945E-07
         275         234   9.86555733E-07
         276         235   9.36415518E-07
         277         236   8.99431768E-07
         278         236   9.89141540E-07
         279         237   9.45478575E-07
         280         238   9.04094691E-07
         281         238   9.93638082E-07
         282         239   9.48013451E-07
         283         240   9.11786231E-07
         284         240   9.97477969E-07
         285         241   9.53246229E-07
         286         242   9.13346184E-07
         287         243   8.71784437E-07
         288         243   9.55563451E-07
         289         244   9.16186423E-07
         290         245   8.74352850E-07
         291         245   9.60747002E-07
         292         246   9.21634410E-07
         293         247   8.78333992E-07
         294         247   9.63966045E-07
         295         248   9.17729210E-07
         296         249   8.78430569E-07
         297         249   9.61126716E-07
         298         250   9.18377225E-07
         299         251   8.78600758E-07
         300         251   9.62368858E-07
         301         252   9.22340234E-07
         302         253   8.79411630E-07
         303         253   9.60604098E-07
         304         254   9.19436502E-07
         305         255   8.81801270E-07
         306         255   9.62362719E-07
         307         256   9.15414887E-07
         308         257   8.79027311E-07
         309         257   9.58645614E-07
         310         258   9.18386604E-07
         311         259   8.74862849E-07
         312         259   9.55685209E-07
         313         260   9.13571625E-07
         314         260   9.97308689E-07
         315         261   9.51613799E-07
         316         262   9.10100368E-07
         317         262   9.94344873E-07
         318         263   9.47604065E-07
         319         264   9.05108038E-07
         320         264   9.85195925E-07
         321         265   9.40886707E-07
         322         266   9.00061139E-07
         323         266   9.81194262E-07
         324         267   9.32101841E-07
         325         268   8.93941774E-07
         326         268   9.71944360E-07
         327         269   9.28911675E-07
         328         270   8.86625116E-07
         329         270   9.66047423E-07
         330         271   9.21023343E-07
         331         272   8.78212177E-07
         332         272   9.59428803E-07
         333         273   9.15948078E-07
         334         273   9.96984454E-07
         335         274   9.51957134E-07
         336         275   9.11422717E-07
         337         275   9.88324018E-07
         338         276   9.42519080E-07
         339         277   8.97174914E-07
         340         277   9.78740559E-07
         341         278   9.32299770E-07
         342         279   8.90203125E-07
         343         279   9.65919753E-07
         344         280   9.22870811E-07
         345         281   8.78903165E-07
         346         281   9.51500112E-07
         347         282   9.13370059E-07
         348         282   9.91152774E-07
         349         283   9.46557748E-07
         350         284   9.05024990E-07
         351         284   9.82388428E-07
         352         285   9.30874933E-07
         353         286   8.88975364E-07
         354         286   9.69082862E-07
         355         287   9.22660320E-07
         356         288   8.76131651E-07
         357         288   9.51321965E-07
         358         289   9.08942297E-07
         359         289   9.83870223E-07
         360         290   9.38738367E-07
         361         291   8.93916535E-07
         362         291   9.70630481E-07
         363         292   9.25366521E-07
         364         293   8.84433575E-07
         365         293   9.57635393E-07
         366         294   9.11773441E-07
         367         294   9.87364274E-07
         368         295   9.38121161E-07
         369         296   8.94120831E-07
         370         296   9.69107532E-07
         371         297   9.27306758E-07
         372         298   8.82582356E-07
         373         298   9.55154974E-07
         374         299   9.08753634E-07
         375         299   9.86591431E-07
         376         300   9.38851940E-07
         377         301   8.92608909E-07
         378         301   9.69862072E-07
         379         302   9.19447700E-07
         380         302   9.93606932E-07
         381         303   9.47796082E-07
         382         304   9.02284739E-07
         383         304   9.76943511E-07
         384         305   9.30448095E-07
         385         306   8.87679278E-07
         386         306   9.58728492E-07
         387         307   9.11655036E-07
         388         307   9.85916472E-07
         389         308   9.44913324E-07
         390         309   8.96723009E-07
         391         309   9.68516588E-07
         392         310   9.25177460E-07
         393         310   9.96981612E-07
         394         311   9.51249547E-07
         395         312   9.03691330E-07
         396         312   9.77424861E-07
         397         313   9.28395366E-07
         398         314   8.85124336E-07
         399         314   9.58132887E-07
         400         315   9.07279230E-07
         401         315   9.81719040E-07
         402         316   9.35164564E-07
         403         317   8.89357580E-07
         404         317   9.59101726E-07
         405         318   9.16293970E-07
         406         318   9.87347789E-07
         407         319   9.39845052E-07
         408         320   8.95886103E-07
         409         320   9.64256628E-07
         410         321   9.19752551E-07
         411         321   9.90334229E-07
         412         322   9.39206416E-07
         413         323   8.98230780E-07
         414         323   9.65575282E-07
         415         324   9.19217655E-07
         416         324   9.92355581E-07
         417         325   9.42742929E-07
         418         326   8.97796610E-07
         419         326   9.67717938E-07
         420         327   9.21779019E-07
         421         327   9.93316235E-07
         422         328   9.46042292E-07
         423         329   8.98395285E-07
         424         329   9.69555458E-07
         425         330   9.21513731E-07
         426         330   9.92770424E-07
         427         331   9.45449301E-07
         428         332   8.98105554E-07
         429         332   9.68054678E-07
         430         333   9.20120840E-07
         431         333   9.92068522E-07
         432         334   9.42455074E-07
         433         335   8.97034568E-07
         434         335   9.63926254E-07
         435         336   9.16714214E-07
         436         336   9.88307420E-07
         437         337   9.38517474E-07
         438         338   8.93314677E-07
         439         338   9.62352715E-07
         440         339   9.15726559E-07
         441         339   9.84952067E-07
         442         340   9.38212736E-07
         443         341   8.90744957E-07
         444         341   9.57918814E-07
         445         342   9.12701580E-07
         446         342   9.81926974E-07
         447         343   9.33010824E-07
         448         344   8.90193348E-07
         449         344   9.57669272E-07
         450         345   9.06358764E-07
         451         345   9.75855073E-07
         452         346   9.29268083E-07
         453         346   9.99898703E-07
         454         347   9.50314814E-07
         455         348   9.04605031E-07
         456         348   9.70347742E-07
         457         349   9.23287189E-07
         458         349   9.93451067E-07
         459         350   9.47162675E-07
         460         351   8.98817234E-07
         461         351   9.64939318E-07
         462         352   9.17921113E-07
         463         352   9.85268230E-07
         464         353   9.38177607E-07
         465         354   8.91375748E-07
         466         354   9.59393219E-07
         467         355   9.12168161E-07
         468         355   9.79390848E-07
         469         356   9.30680301E-07
         470         357   8.89206490E-07
         471         357   9.55274913E-07
         472         358   9.06718242E-07
         473         358   9.74458771E-07
         474         359   9.25595259E-07
         475         359   9.91437219E-07
         476         360   9.47152159E-07
         477         361   9.01663213E-07
         478         361   9.64648621E-07
         479         362   9.19870956E-07
         480         362   9.85486054E-07
         481         363   9.36611059E-07
         482         364   8.91863351E-07
         483         364   9.56350618E-07
         484         365   9.08981690E-07
         485         365   9.75898729E-07
         486         366   9.28402244E-07
         487         366   9.96072004E-07
         488         367   9.48221896E-07
         489         368   9.01635190E-07
         490         368   9.66108246E-07
         491         369   9.20060074E-07
         492         369   9.84941266E-07
         493         370   9.41856115E-07
         494         371   8.94463653E-07
         495         371   9.58437681E-07
         496         372   9.12838118E-07
         497         372   9.77528771E-07
         498         373   9.31990257E-07
         499         373   9.95387381E-07
         500         374   9.48850868E-07
         501         375   9.03266368E-07
         502         375   9.65914296E-07
         503         376   9.19884428E-07
         504         376   9.82023721E-07
         505         377   9.34616139E-07
         506         378   8.93597075E-07
         507         378   9.56146550E-07
         508         379   9.09158189E-07
         509         379   9.72489261E-07
         510         380   9.28510929E-07
         511         380   9.89121759E-07
         512         381   9.48596266E-07
         513         382   8.97081179E-07
         514         382   9.57974748E-07
         515         383   9.17653495E-07
         516         383   9.79352535E-07
         517         384   9.34307195E-07
         518         384   9.96112817E-07
         519         385   9.51757670E-07
         520         386   9.04678075E-07
         521         386   9.68529889E-07
         522         387   9.26615428E-07
         523         387   9.86693180E-07
         524         388   9.37019479E-07
         525         389   8.90995807E-07
         526         389   9.54151915E-07
         527         390   9.12018891E-07
         528         390   9.74536306E-07
         529         391   9.28178508E-07
         530         391   9.90741569E-07
         531         392   9.48284651E-07
         532         393   8.98278813E-07
         533         393   9.60584202E-07
         534         394   9.17409807E-07
         535         394   9.78425078E-07
         536         395   9.31277157E-07
         537         395   9.95171149E-07
         538         396   9.50197375E-07
         539         397   9.02904162E-07
         540         397   9.65357231E-07
         541         398   9.23665539E-07
         542         398   9.85631345E-07
         543         399   9.41124995E-07
         544         400   8.96758991E-07
         545         400   9.57065140E-07
         546         401   9.09807454E-07
         547         401   9.71914915E-07
         548         402   9.28384964E-07
         549         402   9.89255227E-07
         550         403   9.44320163E-07
         551         404   8.99415056E-07
         552         404   9.58077067E-07
         553         405   9.13970837E-07
         554         405   9.76229103E-07
         555         406   9.30302519E-07
         556         406   9.94581569E-07
         557         407   9.47934325E-07
         558         408   9.04306944E-07
         559         408   9.64290621E-07
         560         409   9.24777567E-07
         561         409   9.85279485E-07
         562         410   9.36520109E-07
         563         411   8.91476930E-07
         564         411   9.51351240E-07
         565         412   9.06464209E-07
         566         412   9.66674179E-07
         567         413   9.24400922E-07
         568         413   9.85028919E-07
         569         414   9.38787593E-07
         570         415   8.95684195E-07
         571         415   9.54451480E-07
         572         416   9.13064582E-07
         573         416   9.74168188E-07
         574         417   9.29995508E-07
         575         417   9.90582521E-07
         576         418   9.43603425E-07
         577         419   9.00436817E-07
         578         419   9.60123543E-07
         579         420   9.17334887E-07
         580         420   9.75140892E-07
         581         421   9.30823830E-07
         582         421   9.94738457E-07
         583         422   9.46341743E-07
         584         423   9.03175589E-07
         585         423   9.60706302E-07
         586         424   9.19769775E-07
         587         424   9.80877076E-07
         588         425   9.35864591E-07
         589         425   9.96785388E-07
         590         426   9.49661512E-07
         591         427   9.07914909E-07
         592         427   9.68521022E-07
         593         428   9.20194509E-07
         594         428   9.81874337E-07
         595         429   9.38395544E-07
         596         429   9.98330279E-07
         597         430   9.54609959E-07
         598         431   9.08227150E-07
         599         431   9.67361188E-07
         600         432   9.26393568E-07
         601         432   9.84902272E-07
         602         433   9.41633232E-07
         603         433   9.98964083E-07
         604         434   9.55191808E-07
         605         435   9.13288375E-07
         606         435   9.71154805E-07
         607         436   9.26887935E-07
         608         436   9.86322220E-07
         609         437   9.41590258E-07
         610         438   8.98600888E-07
         611         438   9.55849941E-07
         612         439   9.12276221E-07
         613         439   9.71029976E-07
         614         440   9.26575979E-07
         615         440   9.87172598E-07
         616         441   9.43006114E-07
         617         442   9.04169383E-07
         618         442   9.61028036E-07
         619         443   9.18113926E-07
         620         443   9.78014782E-07
         621         444   9.31383681E-07
         622         444   9.91127081E-07
         623         445   9.48058016E-07
         624         446   9.03941611E-07
         625         446   9.61837600E-07
         626         447   9.19499712E-07
         627         447   9.78846060E-07
         628         448   9.33695389E-07
         629         448   9.92714945E-07
         630         449   9.47874582E-07
         631         450   9.01307203E-07
         632         450   9.59167892E-07
         633         451   9.22702043E-07
         634         451   9.78892672E-07
         635         452   9.36757147E-07
         636         452   9.94800871E-07
         637         453   9.47523858E-07
         638         454   9.07284630E-07
         639         454   9.66275820E-07
         640         455   9.22836932E-07
         641         455   9.81919015E-07
         642         456   9.36899028E-07
         643         456   9.95368737E-07
         644         457   9.51265065E-07
         645         458   9.13756821E-07
         646         458   9.71039185E-07
         647         459   9.23619950E-07
         648         459   9.83382165E-07
         649         460   9.43003897E-07
         650         461   9.01292481E-07
         651         461   9.58300916E-07
         652         462   9.11543623E-07
         653         462   9.67795927E-07
         654         463   9.28433906E-07
         655         463   9.83262566E-07
         656         464   9.43763155E-07
         657         465   9.00373323E-07
         658         465   9.56137796E-07
         659         466   9.18138142E-07
         660         466   9.74258569E-07
         661         467   9.31951547E-07
         662         467   9.88816396E-07
         663         468   9.45985619E-07
         664         469   9.04193996E-07
         665         469   9.60128432E-07
         666         470   9.20477873E-07
         667         470   9.75715921E-07
         668         471   9.32218711E-07
         669         471   9.89291038E-07
         670         472   9.47987928E-07
         671         473   9.07825950E-07
         672         473   9.63148864E-07
         673         474   9.20566833E-07
         674         474   9.77061973E-07
         675         475   9.35353569E-07
         676         475   9.90944159E-07
         677         476   9.46728505E-07
         678         477   9.06126672E-07
         679         477   9.62033482E-07
         680         478   9.21048695E-07
         681         478   9.75618491E-07
         682         479   9.34228581E-07
         683         479   9.91346383E-07
         684         480   9.49562207E-07
         685         481   9.07908600E-07
         686         481   9.64127253E-07
         687         482   9.25175925E-07
         688         482   9.80051254E-07
         689         483   9.36381412E-07
         690         483   9.92911851E-07
         691         484   9.51922857E-07
         692         485   9.10350423E-07
         693         485   9.66219659E-07
         694         486   9.23900529E-07
         695         486   9.79462015E-07
         696         487   9.37618154E-07
         697         487   9.93929120E-07
         698         488   9.50410310E-07
         699         489   9.11739960E-07
         700         489   9.64977858E-07
         701         490   9.26950293E-07
         702         490   9.82354891E-07
         703         491   9.38465803E-07
         704         491   9.94918878E-07
         705         492   9.53810513E-07
         706         493   9.12803387E-07
         707         493   9.67609367E-07
         708         494   9.28694931E-07
         709         494   9.83523591E-07
         710         495   9.40807240E-07
         711         495   9.95057235E-07
         712         496   9.52552114E-07
         713         497   9.14980546E-07
         714         497   9.68682798E-07
         715         498   9.25555298E-07
         716         498   9.81748144E-07
         717         499   9.36839797E-07
         718         499   9.92371838E-07
         719         500   9.52862194E-07
         720         501   9.11620589E-07
         721         501   9.65406343E-07
         722         502   9.27732401E-07
         723         502   9.80947334E-07
         724         503   9.42251688E-07
         725         503   9.96145445E-07
         726         504   9.55171799E-07
         727         505   9.14698205E-07
         728         505   9.68692802E-07
         729         506   9.26633845E-07
         730         506   9.81551125E-07
         731         507   9.41343728E-07
         732         507   9.94974471E-07
         733         508   9.54103371E-07
         734         509   9.11500081E-07
         735         509   9.65630761E-07
         736         510   9.26491168E-07
         737         510   9.80323875E-07
         738         511   9.39884899E-07
         739         511   9.94837137E-07
         740         512   9.53736503E-07
         741         513   9.14063264E-07
         742         513   9.67821393E-07
         743         514   9.29573673E-07
         744         514   9.82064648E-07
         745         515   9.41910230E-07
         746         515   9.96579047E-07
         747         516   9.52959397E-07
         748         517   9.15255953E-07
         749         517   9.68529434E-07
         750         518   9.26308303E-07
         751         518   9.79520451E-07
         752         519   9.42338716E-07
         753         519   9.97303346E-07
         754         520   9.53544657E-07
         755         521   9.11833467E-07
         756         521   9.64864739E-07
         757         522   9.27009637E-07
         758         522   9.79267043E-07
         759         523   9.42678469E-07
         760         523   9.96655558E-07
         761         524   9.55264909E-07
         762         525   9.15196154E-07
         763         525   9.68243171E-07
         764         526   9.27435053E-07
         765         526   9.81287940E-07
         766         527   9.41261590E-07
         767         527   9.95027563E-07
         768         528   9.54762982E-07
         769         529   9.13609369E-07
         770         529   9.66699417E-07
         771         530   9.24617439E-07
         772         530   9.77143259E-07
         773         531   9.39983408E-07
         774         531   9.92528953E-07
         775         532   9.53560118E-07
         776         533   9.14747432E-07
         777         533   9.65785944E-07
         778         534   9.26260498E-07
         779         534   9.78332764E-07
         780         535   9.39135759E-07
         781         535   9.92944365E-07
         782         536   9.51068614E-07
         783         537   9.14288535E-07
         784         537   9.63988441E-07
         785         538   9.28135705E-07
         786         538   9.80788514E-07
         787         539   9.39355061E-07
         788         539   9.92327386E-07
         789         540   9.52377377E-07
         790         541   9.11268785E-07
         791         541   9.62951844E-07
         792         542   9.24986978E-07
         793         542   9.76749334E-07
         794         543   9.35657908E-07
         795         543   9.90017952E-07
         796         544   9.50157244E-07
         797         545   9.13500116E-07
         798         545   9.64050855E-07
         799         546   9.26523740E-07
         800         546   9.77752507E-07
         801         547   9.35726405E-07
         802         547   9.88783427E-07
         803         548   9.48543288E-07
         804         549   9.10388337E-07
         805         549   9.61514161E-07
         806         550   9.23766436E-07
         807         550   9.75528337E-07
         808         551   9.36273466E-07
         809         551   9.88932129E-07
         810         552   9.47293358E-07
         811         552   9.99820713E-07
         812         553   9.59414365E-07
         813         554   9.22516961E-07
         814         554   9.73448095E-07
         815         555   9.33951583E-07
         816         555   9.86360419E-07
         817         556   9.47268347E-07
         818         556   9.98261612E-07
         819         557   9.59331942E-07
         820         558   9.24043434E-07
         821         558   9.73233114E-07
         822         559   9.33808224E-07
         823         559   9.83824179E-07
         824         560   9.47347303E-07
         825         560   9.97609845E-07
         826         561   9.57821840E-07
         827         562   9.21839103E-07
         828         562   9.72081580E-07
         829         563   9.33000138E-07
         830         563   9.83312248E-07
         831         564   9.42303473E-07
         832         564   9.94630682E-07
         833         565   9.57764200E-07
         834         566   9.16514409E-07
         835         566   9.67164169E-07
         836         567   9.30645683E-07
         837         567   9.82079769E-07
         838         568   9.44131500E-07
         839         568   9.95275741E-07
         840         569   9.55393034E-07
         841         570   9.19385968E-07
         842         570   9.70277029E-07
         843         571   9.31102534E-07
         844         571   9.81604899E-07
         845         572   9.41830933E-07
         846         572   9.92401510E-07
         847         573   9.54043799E-07
         848         574   9.16971203E-07
         849         574   9.67431106E-07
         850         575   9.29788825E-07
         851         575   9.79554443E-07
         852         576   9.38898836E-07
         853         576   9.90090371E-07
         854         577   9.53322228E-07
         855         578   9.14730947E-07
         856         578   9.64099740E-07
         857         579   9.25543702E-07
         858         579   9.75736498E-07
         859         580   9.36739980E-07
         860         580   9.86925102E-07
         861         581   9.49942319E-07
         862         582   9.11369909E-07
         863         582   9.61124556E-07
         864         583   9.25021084E-07
         865         583   9.72879434E-07
         866         584   9.36790002E-07
         867         584   9.87027306E-07
         868         585   9.48345246E-07
         869         585   9.98892460E-07
         870         586   9.62535296E-07
         871         587   9.22829031E-07
         872         587   9.71014970E-07
         873         588   9.34332490E-07
         874         588   9.83097721E-07
         875         589   9.44556973E-07
         876         589   9.95016649E-07
         877         590   9.56123131E-07
         878         591   9.20681089E-07
         879         591   9.69164262E-07
         880         592   9.29694352E-07
         881         592   9.78781600E-07
         882         593   9.43469786E-07
         883         593   9.92715286E-07
         884         594   9.53452343E-07
         885         595   9.16643728E-07
         886         595   9.64412152E-07
         887         596   9.26766972E-07
         888         596   9.74518230E-07
         889         597   9.39528718E-07
         890         597   9.87121325E-07
         891         598   9.50497622E-07
         892         599   9.14860721E-07
         893         599   9.62900685E-07
         894         600   9.26524820E-07
         895         600   9.74701948E-07
         896         601   9.35309288E-07
         897         601   9.85750376E-07
         898         602   9.48161926E-07
         899         602   9.97967504E-07
         900         603   9.59589329E-07
         901         604   9.22142362E-07
         902         604   9.70014071E-07
         903         605   9.32285161E-07
         904         605   9.81498943E-07
         905         606   9.43647535E-07
         906         606   9.93069079E-07
         907         607   9.55524115E-07
         908         608   9.19751074E-07
         909         608   9.67667006E-07
         910         609   9.29525811E-07
         911         609   9.76637466E-07
         912         610   9.42655788E-07
         913         610   9.89867999E-07
         914         611   9.52013920E-07
         915         612   9.16083764E-07
         916         612   9.63845878E-07
         917         613   9.25657901E-07
         918         613   9.74638851E-07
         919         614   9.36767378E-07
         920         614   9.85179781E-07
         921         615   9.49735579E-07
         922         615   9.99588565E-07
         923         616   9.60147418E-07
         924         617   9.25325367E-07
         925         617   9.73625333E-07
         926         618   9.33265653E-07
         927         618   9.80896630E-07
         928         619   9.45803095E-07
         929         619   9.93432650E-07
         930         620   9.58692340E-07
         931         621   9.18358808E-07
         932         621   9.66156904E-07
         933         622   9.33608987E-07
         934         622   9.81717790E-07
         935         623   9.42839449E-07
         936         623   9.89586169E-07
         937         624   9.51640914E-07
         938         625   9.15611793E-07
         939         625   9.63090997E-07
         940         626   9.27674591E-07
         941         626   9.74186037E-07
         942         627   9.40325663E-07
         943         627   9.85883275E-07
         944         628   9.47708827E-07
         945         628   9.95896130E-07
         946         629   9.59897420E-07
         947         630   9.24319806E-07
         948         630   9.70163683E-07
         949         631   9.34315665E-07
         950         631   9.83223003E-07
         951         632   9.45264844E-07
         952         632   9.92220180E-07
         953         633   9.54178404E-07
         954         634   9.18867727E-07
         955         634   9.64933065E-07
         956         635   9.29974419E-07
         957         635   9.77781951E-07
         958         636   9.38080859E-07
         959         636   9.85859629E-07
         960         637   9.50317201E-07
         961         637   9.96967060E-07
         962         638   9.62067361E-07
         963         639   9.23947198E-07
         964         639   9.70673909E-07
         965         640   9.37719108E-07
         966         640   9.83479936E-07
         967         641   9.43451425E-07
         968         641   9.91644697E-07
         969         642   9.56132794E-07
         970         643   9.21925846E-07
         971         643   9.68308086E-07
         972         644   9.31556144E-07
         973         644   9.77871650E-07
         974         645   9.39294637E-07
         975         645   9.87203748E-07
         976         646   9.51420020E-07
         977         646   9.97822326E-07
         978         647   9.63506523E-07
         979         648   9.27065514E-07
         980         648   9.72144335E-07
         981         649   9.37728714E-07
         982         649   9.82885012E-07
         983         650   9.48326146E-07
         984         650   9.95012556E-07
         985         651   9.56915187E-07
         986         652   9.20833656E-07
         987         652   9.66962830E-07
         988         653   9.33044191E-07
         989         653   9.78770345E-07
         990         654   9.44624446E-07
         991         654   9.89985097E-07
         992         655   9.51771426E-07
         993         655   9.99178383E-07
         994         656   9.64494120E-07
         995         657   9.27403221E-07
         996         657   9.74936938E-07
         997         658   9.39273093E-07
         998         658   9.84464918E-07
         999         659   9.48283116E-07
        1000         659   9.93747108E-07
        1001         660   9.57174962E-07
        1002         661   9.21687899E-07
        1003         661   9.68649374E-07
        1004         662   9.34345621E-07
        1005         662   9.78267281E-07
        1006         663   9.43439034E-07
        1007         663   9.89251589E-07
        1008         664   9.54766847E-07
        1009         665   9.17694479E-07
        1010         665   9.62401941E-07
        1011         666   9.26550342E-07
        1012         666   9.71160262E-07
        1013         667   9.40003417E-07
        1014         667   9.85525503E-07
        1015         668   9.47871570E-07
        1016         668   9.93243248E-07
        1017         669   9.57471002E-07
        1018         670   9.23239270E-07
        1019         670   9.68223503E-07
        1020         671   9.34256718E-07
        1021         671   9.78507160E-07
        1022         672   9.41828546E-07
        1023         672   9.89064347E-07
        1024         673   9.52611629E-07
        1025         673   9.98273322E-07
        1026         674   9.62254035E-07
        1027         675   9.29309238E-07
        1028         675   9.73204351E-07
        1029         676   9.36082927E-07
        1030         676   9.82762799E-07
        1031         677   9.48066713E-07
        1032         677   9.94773018E-07
        1033         678   9.56550252E-07
        1034         679   9.22078016E-07
        1035         679   9.66679067E-07
        1036         680   9.31585078E-07
        1037         680   9.75520038E-07
        1038         681   9.41750955E-07
        1039         681   9.86247073E-07
        1040         682   9.50701406E-07
        1041         682   9.95322580E-07
        1042         683   9.59608656E-07
        1043         684   9.24134213E-07
        1044         684   9.69239409E-07
        1045         685   9.35271316E-07
        1046         685   9.79650395E-07
        1047         686   9.45484885E-07
        1048         686   9.90366630E-07
        1049         687   9.53407266E-07
        1050         687   9.99100280E-07
        1051         688   9.63057118E-07
        1052         689   9.28446354E-07
        1053         689   9.72342718E-07
        1054         690   9.38703408E-07
        1055         690   9.82312486E-07
        1056         691   9.47386241E-07
        1057         691   9.91948014E-07
        1058         692   9.55111659E-07
        1059         693   9.22411630E-07
        1060         693   9.67468509E-07
        1061         694   9.31866566E-07
        1062         694   9.76332331E-07
        1063         695   9.39992105E-07
        1064         695   9.84873168E-07
        1065         696   9.49028902E-07
        1066         696   9.94116590E-07
        1067         697   9.61737783E-07
        1068         698   9.25788584E-07
        1069         698   9.68614586E-07
        1070         699   9.35950084E-07
        1071         699   9.79818878E-07
        1072         700   9.44305327E-07
        1073         700   9.88353349E-07
        1074         701   9.54395205E-07
        1075         701   9.99005920E-07
        1076         702   9.65081881E-07
        1077         703   9.30135968E-07
        1078         703   9.72924340E-07
        1079         704   9.38757012E-07
        1080         704   9.82120696E-07
        1081         705   9.46377384E-07
        1082         705   9.91618322E-07
        1083         706   9.55766041E-07
        1084         707   9.23725281E-07
        1085         707   9.65769573E-07
        1086         708   9.32641740E-07
        1087         708   9.75999228E-07
        1088         709   9.42394649E-07
        1089         709   9.85676365E-07
        1090         710   9.50974766E-07
        1091         710   9.94645006E-07
        1092         711   9.57879479E-07
        1093         712   9.26813414E-07
        1094         712   9.69464622E-07
        1095         713   9.34199591E-07
        1096         713   9.76815386E-07
        1097         714   9.43639861E-07
        1098         714   9.88387114E-07
        1099         715   9.54077450E-07
        1100         715   9.97123720E-07
        1101         716   9.61781438E-07
        1102         717   9.27287545E-07
        1103         717   9.69576831E-07
        1104         718   9.37486220E-07
        1105         718   9.80636514E-07
        1106         719   9.45659053E-07
        1107         719   9.89173031E-07
        1108         720   9.56735221E-07
        1109         720   9.98845167E-07
        1110         721   9.63811090E-07
        1111         722   9.28848465E-07
        1112         722   9.71728241E-07
        1113         723   9.39740573E-07
        1114         723   9.81972903E-07
        1115         724   9.48167497E-07
        1116         724   9.90121066E-07
        1117         725   9.57786028E-07
        1118         726   9.22249569E-07
        1119         726   9.65485015E-07
        1120         727   9.31124987E-07
        1121         727   9.73551096E-07
        1122         728   9.39940094E-07
        1123         728   9.83581799E-07
        1124         729   9.48335696E-07
        1125         729   9.91877755E-07
        1126         730   9.57333327E-07
        1127         731   9.25868051E-07
        1128         731   9.67389269E-07
        1129         732   9.33906165E-07
        1130         732   9.75837793E-07
        1131         733   9.41236578E-07
        1132         733   9.82826805E-07
        1133         734   9.50393257E-07
        1134         734   9.93806907E-07
        1135         735   9.59404929E-07
        1136         736   9.25641586E-07
        1137         736   9.67630172E-07
        1138         737   9.35197761E-07
        1139         737   9.77690547E-07
        1140         738   9.44344208E-07
        1141         738   9.86931013E-07
        1142         739   9.50613639E-07
        1143         739   9.94564630E-07
        1144         740   9.60868874E-07
        1145         741   9.27851033E-07
        1146         741   9.69607186E-07
        1147         742   9.34127797E-07
        1148         742   9.77190211E-07
        1149         743   9.45909960E-07
        1150         743   9.87849830E-07
        1151         744   9.53195467E-07
        1152         744   9.96346898E-07
        1153         745   9.60984835E-07
        1154         746   9.29728344E-07
        1155         746   9.70805786E-07
        1156         747   9.38529524E-07
        1157         747   9.80459617E-07
        1158         748   9.45437307E-07
        1159         748   9.87786507E-07
        1160         749   9.53663630E-07
        1161         749   9.96633389E-07
        1162         750   9.62753461E-07
        1163         751   9.30489136E-07
        1164         751   9.72064868E-07
        1165         752   9.37690572E-07
        1166         752   9.79793754E-07
        1167         753   9.47946774E-07
        1168         753   9.89084356E-07
        1169         754   9.54870870E-07
        1170         754   9.97110419E-07
        1171         755   9.63034950E-07
        1172         756   9.30737485E-07
        1173         756   9.71334543E-07
        1174         757   9.40001826E-07
        1175         757   9.80642881E-07
        1176         758   9.48518164E-07
        1177         758   9.91485649E-07
        1178         759   9.54515144E-07
        1179         759   9.96857807E-07
        1180         760   9.64130663E-07
        1181         761   9.32443470E-07
        1182         761   9.73720830E-07
        1183         762   9.38856260E-07
        1184         762   9.81002358E-07
        1185         763   9.47661931E-07
        1186         763   9.88728743E-07
        1187         764   9.57401198E-07
        1188         764   9.98377800E-07
        1189         765   9.64295282E-07
        1190         766   9.31862019E-07
        1191         766   9.74417162E-07
        1192         767   9.41405176E-07
        1193         767   9.82965048E-07
        1194         768   9.47697117E-07
        1195         768   9.89321052E-07
        1196         769   9.56214990E-07
        1197         769   9.96392146E-07
        1198         770   9.64058017E-07
        1199         771   9.32985245E-07
        1200         771   9.73134206E-07
        1201         772   9.39469771E-07
        1202         772   9.79594347E-07
        1203         773   9.47808076E-07
        1204         773   9.90212811E-07
        1205         774   9.55601649E-07
        1206         774   9.97373263E-07
        1207         775   9.64876335E-07
        1208         776   9.31226054E-07
        1209         776   9.72905923E-07
        1210         777   9.38279470E-07
        1211         777   9.78548314E-07
        1212         778   9.47988894E-07
        1213         778   9.88967827E-07
        1214         779   9.57415295E-07
        1215         779   9.97985808E-07
        1216         780   9.63326897E-07
        1217         781   9.31933869E-07
        1218         781   9.72237444E-07
        1219         782   9.40739199E-07
        1220         782   9.82272468E-07
        1221         783   9.47033584E-07
        1222         783   9.87791623E-07
        1223         784   9.56363692E-07
        1224         784   9.97570851E-07
        1225         785   9.63171487E-07
        1226         786   9.31023521E-07
        1227         786   9.71425948E-07
        1228         787   9.39201072E-07
        1229         787   9.79914830E-07
        1230         788   9.48519869E-07
        1231         788   9.88412125E-07
        1232         789   9.56678491E-07
        1233         789   9.96043696E-07
        1234         790   9.60922421E-07
        1235         791   9.31881800E-07
        1236         791   9.71550890E-07
        1237         792   9.38920834E-07
        1238         792   9.79117203E-07
        1239         793   9.45512397E-07
        1240         793   9.87218414E-07
        1241         794   9.54115990E-07
        1242         794   9.94478000E-07
        1243         795   9.62762442E-07
        1244         796   9.31179102E-07
        1245         796   9.71218810E-07
        1246         797   9.36998902E-07
        1247         797   9.76811293E-07
        1248         798   9.47700187E-07
        1249         798   9.87533213E-07
        1250         799   9.54184884E-07
        1251         799   9.94271090E-07
        1252         800   9.63053481E-07
        1253         801   9.28699365E-07
        1254         801   9.69263738E-07
        1255         802   9.36090998E-07
        1256         802   9.76217734E-07
        1257         803   9.45311967E-07
        1258         803   9.86308123E-07
        1259         804   9.52303878E-07
        1260         804   9.92937544E-07
        1261         805   9.59841600E-07
        1262         806   9.28667191E-07
        1263         806   9.68930749E-07
        1264         807   9.35011030E-07
        1265         807   9.76591195E-07
        1266         808   9.43242298E-07
        1267         808   9.83444693E-07
        1268         809   9.51380400E-07
        1269         809   9.91126285E-07
        1270         810   9.58898568E-07
        1271         810   9.99035024E-07
        1272         811   9.66082894E-07
        1273         812   9.33370018E-07
        1274         812   9.72547241E-07
        1275         813   9.44339149E-07
        1276         813   9.83619771E-07
        1277         814   9.47927390E-07
