# CONTADOR                 ERRO
0000000000001              3.851406E+02
0000000000002              3.858323E+02
0000000000003              3.863812E+02
0000000000004              3.868219E+02
0000000000005              3.871853E+02
0000000000006              3.874944E+02
0000000000007              3.877581E+02
0000000000008              3.879931E+02
0000000000009              3.882029E+02
0000000000010              3.883954E+02
0000000000011              3.885778E+02
0000000000012              3.887474E+02
0000000000013              3.889089E+02
0000000000014              3.890643E+02
0000000000015              3.892144E+02
0000000000016              3.893602E+02
0000000000017              3.895023E+02
0000000000018              3.896412E+02
0000000000019              3.897816E+02
0000000000020              3.899150E+02
0000000000021              3.900459E+02
0000000000022              3.901743E+02
0000000000023              3.902952E+02
0000000000024              3.904189E+02
0000000000025              3.905404E+02
0000000000026              3.906597E+02
0000000000027              3.907768E+02
0000000000028              3.908918E+02
0000000000029              3.910047E+02
0000000000030              3.911154E+02
0000000000031              3.912239E+02
0000000000032              3.913304E+02
0000000000033              3.914272E+02
0000000000034              3.915294E+02
0000000000035              3.916295E+02
0000000000036              3.917274E+02
0000000000037              3.918232E+02
0000000000038              3.919169E+02
0000000000039              3.920083E+02
0000000000040              3.920976E+02
0000000000041              3.921761E+02
0000000000042              3.922612E+02
0000000000043              3.923443E+02
0000000000044              3.924251E+02
0000000000045              3.925037E+02
0000000000046              3.925701E+02
0000000000047              3.926447E+02
0000000000048              3.927169E+02
0000000000049              3.927871E+02
0000000000050              3.928550E+02
0000000000051              3.929095E+02
0000000000052              3.929733E+02
0000000000053              3.930348E+02
0000000000054              3.930942E+02
0000000000055              3.931513E+02
0000000000056              3.931941E+02
0000000000057              3.932471E+02
0000000000058              3.932979E+02
0000000000059              3.933465E+02
0000000000060              3.933928E+02
0000000000061              3.934240E+02
0000000000062              3.934662E+02
0000000000063              3.935062E+02
0000000000064              3.935438E+02
0000000000065              3.935653E+02
0000000000066              3.935990E+02
0000000000067              3.936304E+02
0000000000068              3.936594E+02
0000000000069              3.936713E+02
0000000000070              3.936964E+02
0000000000071              3.937191E+02
0000000000072              3.937395E+02
0000000000073              3.937419E+02
0000000000074              3.937583E+02
0000000000075              3.937725E+02
0000000000076              3.937843E+02
0000000000077              3.937772E+02
0000000000078              3.937850E+02
0000000000079              3.937905E+02
0000000000080              3.937936E+02
0000000000081              3.937771E+02
0000000000082              3.937763E+02
0000000000083              3.937731E+02
0000000000084              3.937488E+02
0000000000085              3.937417E+02
0000000000086              3.937322E+02
0000000000087              3.937203E+02
0000000000088              3.936867E+02
0000000000089              3.936710E+02
0000000000090              3.936528E+02
0000000000091              3.936116E+02
0000000000092              3.935895E+02
0000000000093              3.935650E+02
0000000000094              3.935381E+02
0000000000095              3.934878E+02
0000000000096              3.934571E+02
0000000000097              3.934239E+02
0000000000098              3.933660E+02
0000000000099              3.933289E+02
0000000000100              3.932894E+02
0000000000101              3.932474E+02
0000000000102              3.931807E+02
0000000000103              3.931349E+02
0000000000104              3.930866E+02
0000000000105              3.930125E+02
0000000000106              3.929604E+02
0000000000107              3.929059E+02
0000000000108              3.928242E+02
0000000000109              3.927659E+02
0000000000110              3.927051E+02
0000000000111              3.926159E+02
0000000000112              3.925514E+02
0000000000113              3.924844E+02
0000000000114              3.924149E+02
0000000000115              3.923170E+02
0000000000116              3.922439E+02
0000000000117              3.921681E+02
0000000000118              3.920630E+02
0000000000119              3.919835E+02
0000000000120              3.919016E+02
0000000000121              3.917891E+02
0000000000122              3.917035E+02
0000000000123              3.916153E+02
0000000000124              3.914956E+02
0000000000125              3.914038E+02
0000000000126              3.913095E+02
0000000000127              3.912125E+02
0000000000128              3.910846E+02
0000000000129              3.909841E+02
0000000000130              3.908810E+02
0000000000131              3.907460E+02
0000000000132              3.906393E+02
0000000000133              3.905300E+02
0000000000134              3.903879E+02
0000000000135              3.902751E+02
0000000000136              3.901597E+02
0000000000137              3.900105E+02
0000000000138              3.898915E+02
0000000000139              3.897700E+02
0000000000140              3.896139E+02
0000000000141              3.894889E+02
0000000000142              3.893612E+02
0000000000143              3.891982E+02
0000000000144              3.890671E+02
0000000000145              3.889333E+02
0000000000146              3.887635E+02
0000000000147              3.886263E+02
0000000000148              3.884865E+02
0000000000149              3.883098E+02
0000000000150              3.881665E+02
0000000000151              3.880207E+02
0000000000152              3.878373E+02
0000000000153              3.876880E+02
0000000000154              3.875361E+02
0000000000155              3.873461E+02
0000000000156              3.871908E+02
0000000000157              3.870329E+02
0000000000158              3.868362E+02
0000000000159              3.866750E+02
0000000000160              3.865111E+02
0000000000161              3.863078E+02
0000000000162              3.861407E+02
0000000000163              3.859708E+02
0000000000164              3.857610E+02
0000000000165              3.855879E+02
0000000000166              3.854122E+02
0000000000167              3.851960E+02
0000000000168              3.850169E+02
0000000000169              3.848353E+02
0000000000170              3.846128E+02
0000000000171              3.844278E+02
0000000000172              3.842403E+02
0000000000173              3.840114E+02
0000000000174              3.838206E+02
0000000000175              3.835862E+02
0000000000176              3.833922E+02
0000000000177              3.831956E+02
0000000000178              3.829549E+02
0000000000179              3.827551E+02
0000000000180              3.825527E+02
0000000000181              3.823059E+02
0000000000182              3.821004E+02
0000000000183              3.818923E+02
0000000000184              3.816393E+02
0000000000185              3.814280E+02
0000000000186              3.812142E+02
0000000000187              3.809553E+02
0000000000188              3.807383E+02
0000000000189              3.805188E+02
0000000000190              3.802540E+02
0000000000191              3.800313E+02
0000000000192              3.798061E+02
0000000000193              3.795353E+02
0000000000194              3.793071E+02
0000000000195              3.790764E+02
0000000000196              3.787997E+02
0000000000197              3.785659E+02
0000000000198              3.782840E+02
0000000000199              3.780472E+02
0000000000200              3.778078E+02
0000000000201              3.775202E+02
0000000000202              3.772780E+02
0000000000203              3.769849E+02
0000000000204              3.767398E+02
0000000000205              3.764921E+02
0000000000206              3.761935E+02
0000000000207              3.759429E+02
0000000000208              3.756897E+02
0000000000209              3.754339E+02
0000000000210              3.751296E+02
0000000000211              3.748710E+02
0000000000212              3.745616E+02
0000000000213              3.743001E+02
0000000000214              3.740360E+02
0000000000215              3.737214E+02
0000000000216              3.734547E+02
0000000000217              3.731853E+02
0000000000218              3.728653E+02
0000000000219              3.725932E+02
0000000000220              3.722681E+02
0000000000221              3.719934E+02
0000000000222              3.717160E+02
0000000000223              3.713858E+02
0000000000224              3.711058E+02
0000000000225              3.708232E+02
0000000000226              3.704880E+02
0000000000227              3.702028E+02
0000000000228              3.698626E+02
0000000000229              3.695748E+02
0000000000230              3.692845E+02
0000000000231              3.689393E+02
0000000000232              3.686465E+02
0000000000233              3.683510E+02
0000000000234              3.680010E+02
0000000000235              3.677031E+02
0000000000236              3.674026E+02
0000000000237              3.670479E+02
0000000000238              3.667449E+02
0000000000239              3.664394E+02
0000000000240              3.660800E+02
0000000000241              3.657721E+02
0000000000242              3.654079E+02
0000000000243              3.650976E+02
0000000000244              3.647847E+02
0000000000245              3.644160E+02
0000000000246              3.641007E+02
0000000000247              3.637273E+02
0000000000248              3.634098E+02
0000000000249              3.630897E+02
0000000000250              3.627119E+02
0000000000251              3.623895E+02
0000000000252              3.620647E+02
0000000000253              3.616824E+02
0000000000254              3.613553E+02
0000000000255              3.610257E+02
0000000000256              3.606393E+02
0000000000257              3.603074E+02
0000000000258              3.599166E+02
0000000000259              3.595825E+02
0000000000260              3.592460E+02
0000000000261              3.588510E+02
0000000000262              3.585123E+02
0000000000263              3.581713E+02
0000000000264              3.577722E+02
0000000000265              3.574290E+02
0000000000266              3.570255E+02
0000000000267              3.566802E+02
0000000000268              3.563325E+02
0000000000269              3.559252E+02
0000000000270              3.555754E+02
0000000000271              3.551638E+02
0000000000272              3.548121E+02
0000000000273              3.544579E+02
0000000000274              3.540426E+02
0000000000275              3.536863E+02
0000000000276              3.532669E+02
0000000000277              3.529088E+02
0000000000278              3.525481E+02
0000000000279              3.521251E+02
0000000000280              3.517626E+02
0000000000281              3.513977E+02
0000000000282              3.509711E+02
0000000000283              3.506044E+02
0000000000284              3.501737E+02
0000000000285              3.498052E+02
0000000000286              3.494342E+02
0000000000287              3.490003E+02
0000000000288              3.486275E+02
0000000000289              3.482524E+02
0000000000290              3.478151E+02
0000000000291              3.474382E+02
0000000000292              3.469970E+02
0000000000293              3.466184E+02
0000000000294              3.462375E+02
0000000000295              3.457932E+02
0000000000296              3.454106E+02
0000000000297              3.449624E+02
0000000000298              3.445782E+02
0000000000299              3.441917E+02
0000000000300              3.437405E+02
0000000000301              3.433524E+02
0000000000302              3.429619E+02
0000000000303              3.425078E+02
0000000000304              3.421158E+02
0000000000305              3.416579E+02
0000000000306              3.412644E+02
0000000000307              3.408686E+02
0000000000308              3.404080E+02
0000000000309              3.400107E+02
0000000000310              3.395465E+02
0000000000311              3.391478E+02
0000000000312              3.387468E+02
0000000000313              3.382799E+02
0000000000314              3.378775E+02
0000000000315              3.374728E+02
0000000000316              3.370034E+02
0000000000317              3.365973E+02
0000000000318              3.361245E+02
0000000000319              3.357171E+02
0000000000320              3.353074E+02
0000000000321              3.348322E+02
0000000000322              3.344213E+02
0000000000323              3.339427E+02
0000000000324              3.335305E+02
0000000000325              3.331161E+02
0000000000326              3.326353E+02
0000000000327              3.322196E+02
0000000000328              3.318018E+02
0000000000329              3.313187E+02
0000000000330              3.308997E+02
0000000000331              3.304135E+02
0000000000332              3.299933E+02
0000000000333              3.295710E+02
0000000000334              3.290827E+02
0000000000335              3.286592E+02
0000000000336              3.281678E+02
0000000000337              3.277433E+02
0000000000338              3.273167E+02
0000000000339              3.268233E+02
0000000000340              3.263955E+02
0000000000341              3.258993E+02
0000000000342              3.254705E+02
0000000000343              3.250398E+02
0000000000344              3.245416E+02
0000000000345              3.241098E+02
0000000000346              3.236087E+02
0000000000347              3.231761E+02
0000000000348              3.227411E+02
0000000000349              3.222386E+02
0000000000350              3.218028E+02
0000000000351              3.213651E+02
0000000000352              3.208607E+02
0000000000353              3.204221E+02
0000000000354              3.199150E+02
0000000000355              3.194755E+02
0000000000356              3.189658E+02
0000000000357              3.185255E+02
0000000000358              3.180833E+02
0000000000359              3.175721E+02
0000000000360              3.171289E+02
0000000000361              3.166840E+02
0000000000362              3.161714E+02
0000000000363              3.157257E+02
0000000000364              3.152106E+02
0000000000365              3.147641E+02
0000000000366              3.143157E+02
0000000000367              3.137994E+02
0000000000368              3.133504E+02
0000000000369              3.128316E+02
0000000000370              3.123818E+02
0000000000371              3.119302E+02
0000000000372              3.114104E+02
0000000000373              3.109581E+02
0000000000374              3.105041E+02
0000000000375              3.099831E+02
0000000000376              3.095284E+02
0000000000377              3.090052E+02
0000000000378              3.085500E+02
0000000000379              3.080929E+02
0000000000380              3.075688E+02
0000000000381              3.071112E+02
0000000000382              3.065850E+02
0000000000383              3.061270E+02
0000000000384              3.056670E+02
0000000000385              3.051400E+02
0000000000386              3.046796E+02
0000000000387              3.041504E+02
0000000000388              3.036897E+02
0000000000389              3.032272E+02
0000000000390              3.026974E+02
0000000000391              3.022345E+02
0000000000392              3.017027E+02
0000000000393              3.012394E+02
0000000000394              3.007744E+02
0000000000395              3.002420E+02
0000000000396              2.997767E+02
0000000000397              2.992424E+02
0000000000398              2.987768E+02
0000000000399              2.983095E+02
0000000000400              2.977748E+02
0000000000401              2.973072E+02
0000000000402              2.967706E+02
0000000000403              2.963029E+02
0000000000404              2.958335E+02
0000000000405              2.952965E+02
0000000000406              2.948268E+02
0000000000407              2.942882E+02
0000000000408              2.938185E+02
0000000000409              2.933470E+02
0000000000410              2.928082E+02
0000000000411              2.923366E+02
0000000000412              2.917961E+02
0000000000413              2.913244E+02
0000000000414              2.908511E+02
0000000000415              2.903106E+02
0000000000416              2.898372E+02
0000000000417              2.892951E+02
0000000000418              2.888217E+02
0000000000419              2.883467E+02
0000000000420              2.878045E+02
0000000000421              2.873296E+02
0000000000422              2.867860E+02
0000000000423              2.863109E+02
0000000000424              2.858344E+02
0000000000425              2.852910E+02
0000000000426              2.848145E+02
0000000000427              2.842696E+02
0000000000428              2.837932E+02
0000000000429              2.833153E+02
0000000000430              2.827707E+02
0000000000431              2.822929E+02
0000000000432              2.817470E+02
0000000000433              2.812693E+02
0000000000434              2.807901E+02
0000000000435              2.802445E+02
0000000000436              2.797656E+02
0000000000437              2.792186E+02
0000000000438              2.787399E+02
0000000000439              2.782596E+02
0000000000440              2.777132E+02
0000000000441              2.772332E+02
0000000000442              2.766856E+02
0000000000443              2.762058E+02
0000000000444              2.757246E+02
0000000000445              2.751776E+02
0000000000446              2.746967E+02
0000000000447              2.741486E+02
0000000000448              2.736681E+02
0000000000449              2.731861E+02
0000000000450              2.726385E+02
0000000000451              2.721569E+02
0000000000452              2.716085E+02
0000000000453              2.711271E+02
0000000000454              2.706446E+02
0000000000455              2.700967E+02
0000000000456              2.696145E+02
0000000000457              2.690658E+02
0000000000458              2.685840E+02
0000000000459              2.681009E+02
0000000000460              2.675530E+02
0000000000461              2.670704E+02
0000000000462              2.665217E+02
0000000000463              2.660394E+02
0000000000464              2.655558E+02
0000000000465              2.650081E+02
0000000000466              2.645251E+02
0000000000467              2.639764E+02
0000000000468              2.634940E+02
0000000000469              2.630102E+02
0000000000470              2.624626E+02
0000000000471              2.619794E+02
0000000000472              2.614312E+02
0000000000473              2.609485E+02
0000000000474              2.604646E+02
0000000000475              2.599174E+02
0000000000476              2.594341E+02
0000000000477              2.588864E+02
0000000000478              2.584036E+02
0000000000479              2.579198E+02
0000000000480              2.573732E+02
0000000000481              2.568899E+02
0000000000482              2.563427E+02
0000000000483              2.558601E+02
0000000000484              2.553764E+02
0000000000485              2.548305E+02
0000000000486              2.543474E+02
0000000000487              2.538010E+02
0000000000488              2.533186E+02
0000000000489              2.527718E+02
0000000000490              2.522901E+02
0000000000491              2.518074E+02
0000000000492              2.512619E+02
0000000000493              2.507798E+02
0000000000494              2.502340E+02
0000000000495              2.497527E+02
0000000000496              2.492704E+02
0000000000497              2.487260E+02
0000000000498              2.482444E+02
0000000000499              2.476996E+02
0000000000500              2.472189E+02
0000000000501              2.467372E+02
0000000000502              2.461939E+02
0000000000503              2.457130E+02
0000000000504              2.451694E+02
0000000000505              2.446893E+02
0000000000506              2.442083E+02
0000000000507              2.436663E+02
0000000000508              2.431861E+02
0000000000509              2.426440E+02
0000000000510              2.421646E+02
0000000000511              2.416843E+02
0000000000512              2.411438E+02
0000000000513              2.406644E+02
0000000000514              2.401238E+02
0000000000515              2.396453E+02
0000000000516              2.391659E+02
0000000000517              2.386270E+02
0000000000518              2.381486E+02
0000000000519              2.376096E+02
0000000000520              2.371321E+02
0000000000521              2.365931E+02
0000000000522              2.361165E+02
0000000000523              2.356391E+02
0000000000524              2.351019E+02
0000000000525              2.346254E+02
0000000000526              2.340882E+02
0000000000527              2.336128E+02
0000000000528              2.331365E+02
0000000000529              2.326012E+02
0000000000530              2.321259E+02
0000000000531              2.315907E+02
0000000000532              2.311164E+02
0000000000533              2.306414E+02
0000000000534              2.301081E+02
0000000000535              2.296341E+02
0000000000536              2.291010E+02
0000000000537              2.286281E+02
0000000000538              2.281544E+02
0000000000539              2.276232E+02
0000000000540              2.271506E+02
0000000000541              2.266196E+02
0000000000542              2.261481E+02
0000000000543              2.256173E+02
0000000000544              2.251469E+02
0000000000545              2.246758E+02
0000000000546              2.241470E+02
0000000000547              2.236771E+02
0000000000548              2.231486E+02
0000000000549              2.226797E+02
0000000000550              2.222102E+02
0000000000551              2.216838E+02
0000000000552              2.212154E+02
0000000000553              2.206894E+02
0000000000554              2.202222E+02
0000000000555              2.197543E+02
0000000000556              2.192305E+02
0000000000557              2.187637E+02
0000000000558              2.182403E+02
0000000000559              2.177748E+02
0000000000560              2.173087E+02
0000000000561              2.167873E+02
0000000000562              2.163224E+02
0000000000563              2.158016E+02
0000000000564              2.153379E+02
0000000000565              2.148174E+02
0000000000566              2.143550E+02
0000000000567              2.138919E+02
0000000000568              2.133738E+02
0000000000569              2.129120E+02
0000000000570              2.123943E+02
0000000000571              2.119337E+02
0000000000572              2.114726E+02
0000000000573              2.109573E+02
0000000000574              2.104975E+02
0000000000575              2.099826E+02
0000000000576              2.095241E+02
0000000000577              2.090650E+02
0000000000578              2.085526E+02
0000000000579              2.080947E+02
0000000000580              2.075828E+02
0000000000581              2.071264E+02
0000000000582              2.066151E+02
0000000000583              2.061599E+02
0000000000584              2.057043E+02
0000000000585              2.051954E+02
0000000000586              2.047411E+02
0000000000587              2.042328E+02
0000000000588              2.037799E+02
0000000000589              2.033264E+02
0000000000590              2.028206E+02
0000000000591              2.023686E+02
0000000000592              2.018634E+02
0000000000593              2.014127E+02
0000000000594              2.009082E+02
0000000000595              2.004589E+02
0000000000596              2.000092E+02
0000000000597              1.995072E+02
0000000000598              1.990588E+02
0000000000599              1.985576E+02
0000000000600              1.981106E+02
0000000000601              1.976632E+02
0000000000602              1.971645E+02
0000000000603              1.967185E+02
0000000000604              1.962205E+02
0000000000605              1.957760E+02
0000000000606              1.953310E+02
0000000000607              1.948357E+02
0000000000608              1.943921E+02
0000000000609              1.938975E+02
0000000000610              1.934554E+02
0000000000611              1.929617E+02
0000000000612              1.925210E+02
0000000000613              1.920800E+02
0000000000614              1.915889E+02
0000000000615              1.911493E+02
0000000000616              1.906589E+02
0000000000617              1.902209E+02
0000000000618              1.897825E+02
0000000000619              1.892947E+02
0000000000620              1.888578E+02
0000000000621              1.883710E+02
0000000000622              1.879355E+02
0000000000623              1.874495E+02
0000000000624              1.870156E+02
0000000000625              1.865812E+02
0000000000626              1.860980E+02
0000000000627              1.856652E+02
0000000000628              1.851828E+02
0000000000629              1.847515E+02
0000000000630              1.843199E+02
0000000000631              1.838403E+02
0000000000632              1.834102E+02
0000000000633              1.829314E+02
0000000000634              1.825029E+02
0000000000635              1.820251E+02
0000000000636              1.815981E+02
0000000000637              1.811708E+02
0000000000638              1.806957E+02
0000000000639              1.802700E+02
0000000000640              1.797959E+02
0000000000641              1.793717E+02
0000000000642              1.789472E+02
0000000000643              1.784759E+02
0000000000644              1.780529E+02
0000000000645              1.775827E+02
0000000000646              1.771613E+02
0000000000647              1.766920E+02
0000000000648              1.762721E+02
0000000000649              1.758521E+02
0000000000650              1.753856E+02
0000000000651              1.749671E+02
0000000000652              1.745016E+02
0000000000653              1.740847E+02
0000000000654              1.736675E+02
0000000000655              1.732049E+02
0000000000656              1.727893E+02
0000000000657              1.723277E+02
0000000000658              1.719137E+02
0000000000659              1.714531E+02
0000000000660              1.710407E+02
0000000000661              1.706281E+02
0000000000662              1.701704E+02
0000000000663              1.697594E+02
0000000000664              1.693028E+02
0000000000665              1.688934E+02
0000000000666              1.684838E+02
0000000000667              1.680300E+02
0000000000668              1.676220E+02
0000000000669              1.671693E+02
0000000000670              1.667630E+02
0000000000671              1.663114E+02
0000000000672              1.659066E+02
0000000000673              1.655017E+02
0000000000674              1.650529E+02
0000000000675              1.646497E+02
0000000000676              1.642020E+02
0000000000677              1.638004E+02
0000000000678              1.633539E+02
0000000000679              1.629538E+02
0000000000680              1.625536E+02
0000000000681              1.621100E+02
0000000000682              1.617114E+02
0000000000683              1.612690E+02
0000000000684              1.608720E+02
0000000000685              1.604749E+02
0000000000686              1.600354E+02
0000000000687              1.596399E+02
0000000000688              1.592016E+02
0000000000689              1.588078E+02
0000000000690              1.583705E+02
0000000000691              1.579783E+02
0000000000692              1.575861E+02
0000000000693              1.571517E+02
0000000000694              1.567611E+02
0000000000695              1.563280E+02
0000000000696              1.559390E+02
0000000000697              1.555070E+02
0000000000698              1.551197E+02
0000000000699              1.547322E+02
0000000000700              1.543032E+02
0000000000701              1.539174E+02
0000000000702              1.534896E+02
0000000000703              1.531054E+02
0000000000704              1.527211E+02
0000000000705              1.522963E+02
0000000000706              1.519137E+02
0000000000707              1.514900E+02
0000000000708              1.511091E+02
0000000000709              1.506866E+02
0000000000710              1.503073E+02
0000000000711              1.499280E+02
0000000000712              1.495084E+02
0000000000713              1.491307E+02
0000000000714              1.487124E+02
0000000000715              1.483364E+02
0000000000716              1.479193E+02
0000000000717              1.475449E+02
0000000000718              1.471705E+02
0000000000719              1.467563E+02
0000000000720              1.463835E+02
0000000000721              1.459707E+02
0000000000722              1.455995E+02
0000000000723              1.452283E+02
0000000000724              1.448184E+02
0000000000725              1.444489E+02
0000000000726              1.440402E+02
0000000000727              1.436723E+02
0000000000728              1.432649E+02
0000000000729              1.428987E+02
0000000000730              1.425325E+02
0000000000731              1.421279E+02
0000000000732              1.417634E+02
0000000000733              1.413602E+02
0000000000734              1.409973E+02
0000000000735              1.405953E+02
0000000000736              1.402340E+02
0000000000737              1.398728E+02
0000000000738              1.394737E+02
0000000000739              1.391141E+02
0000000000740              1.387164E+02
0000000000741              1.383584E+02
0000000000742              1.379619E+02
0000000000743              1.376057E+02
0000000000744              1.372493E+02
0000000000745              1.368558E+02
0000000000746              1.365012E+02
0000000000747              1.361089E+02
0000000000748              1.357559E+02
0000000000749              1.354029E+02
0000000000750              1.350136E+02
0000000000751              1.346623E+02
0000000000752              1.342742E+02
0000000000753              1.339245E+02
0000000000754              1.335378E+02
0000000000755              1.331898E+02
0000000000756              1.328418E+02
0000000000757              1.324579E+02
0000000000758              1.321116E+02
0000000000759              1.317290E+02
0000000000760              1.313844E+02
0000000000761              1.310031E+02
0000000000762              1.306601E+02
0000000000763              1.303171E+02
0000000000764              1.299387E+02
0000000000765              1.295974E+02
0000000000766              1.292203E+02
0000000000767              1.288806E+02
0000000000768              1.285049E+02
0000000000769              1.281668E+02
0000000000770              1.278287E+02
0000000000771              1.274559E+02
0000000000772              1.271195E+02
0000000000773              1.267480E+02
0000000000774              1.264132E+02
0000000000775              1.260430E+02
0000000000776              1.257098E+02
0000000000777              1.253768E+02
0000000000778              1.250094E+02
0000000000779              1.246780E+02
0000000000780              1.243120E+02
0000000000781              1.239822E+02
0000000000782              1.236175E+02
0000000000783              1.232893E+02
0000000000784              1.229612E+02
0000000000785              1.225993E+02
0000000000786              1.222728E+02
0000000000787              1.219123E+02
0000000000788              1.215874E+02
0000000000789              1.212282E+02
0000000000790              1.209049E+02
0000000000791              1.205818E+02
0000000000792              1.202254E+02
0000000000793              1.199038E+02
0000000000794              1.195488E+02
0000000000795              1.192288E+02
0000000000796              1.188751E+02
0000000000797              1.185568E+02
0000000000798              1.182385E+02
0000000000799              1.178876E+02
0000000000800              1.175710E+02
0000000000801              1.172214E+02
0000000000802              1.169063E+02
0000000000803              1.165581E+02
0000000000804              1.162446E+02
0000000000805              1.159313E+02
0000000000806              1.155858E+02
0000000000807              1.152741E+02
0000000000808              1.149299E+02
0000000000809              1.146198E+02
0000000000810              1.142769E+02
0000000000811              1.139684E+02
0000000000812              1.136599E+02
0000000000813              1.133199E+02
0000000000814              1.130130E+02
0000000000815              1.126743E+02
0000000000816              1.123690E+02
0000000000817              1.120316E+02
0000000000818              1.117279E+02
0000000000819              1.114243E+02
0000000000820              1.110896E+02
0000000000821              1.107876E+02
0000000000822              1.104543E+02
0000000000823              1.101538E+02
0000000000824              1.098218E+02
0000000000825              1.095229E+02
0000000000826              1.092241E+02
0000000000827              1.088948E+02
0000000000828              1.085976E+02
0000000000829              1.082697E+02
0000000000830              1.079740E+02
0000000000831              1.076474E+02
0000000000832              1.073533E+02
0000000000833              1.070593E+02
0000000000834              1.067354E+02
0000000000835              1.064430E+02
0000000000836              1.061203E+02
0000000000837              1.058294E+02
0000000000838              1.055081E+02
0000000000839              1.052188E+02
0000000000840              1.049296E+02
0000000000841              1.046110E+02
0000000000842              1.043233E+02
0000000000843              1.040060E+02
0000000000844              1.037198E+02
0000000000845              1.034038E+02
0000000000846              1.031192E+02
0000000000847              1.028348E+02
0000000000848              1.025214E+02
0000000000849              1.022385E+02
0000000000850              1.019264E+02
0000000000851              1.016450E+02
0000000000852              1.013342E+02
0000000000853              1.010543E+02
0000000000854              1.007745E+02
0000000000855              1.004664E+02
0000000000856              1.001882E+02
0000000000857              9.988133E+01
0000000000858              9.960459E+01
0000000000859              9.929903E+01
0000000000860              9.902379E+01
0000000000861              9.874871E+01
0000000000862              9.844578E+01
0000000000863              9.817216E+01
0000000000864              9.787051E+01
0000000000865              9.759842E+01
0000000000866              9.729807E+01
0000000000867              9.702742E+01
0000000000868              9.675695E+01
0000000000869              9.645916E+01
0000000000870              9.619020E+01
0000000000871              9.589368E+01
0000000000872              9.562617E+01
0000000000873              9.533094E+01
0000000000874              9.506490E+01
0000000000875              9.479901E+01
0000000000876              9.450636E+01
0000000000877              9.424193E+01
0000000000878              9.395052E+01
0000000000879              9.368756E+01
0000000000880              9.339744E+01
0000000000881              9.313592E+01
0000000000882              9.284705E+01
0000000000883              9.258700E+01
0000000000884              9.232711E+01
0000000000885              9.204075E+01
0000000000886              9.178230E+01
0000000000887              9.149720E+01
0000000000888              9.124018E+01
0000000000889              9.095636E+01
0000000000890              9.070078E+01
0000000000891              9.044535E+01
0000000000892              9.016402E+01
0000000000893              8.991005E+01
0000000000894              8.962996E+01
0000000000895              8.937739E+01
0000000000896              8.909854E+01
0000000000897              8.884740E+01
0000000000898              8.859643E+01
0000000000899              8.832006E+01
0000000000900              8.807049E+01
0000000000901              8.779536E+01
0000000000902              8.754720E+01
0000000000903              8.727328E+01
0000000000904              8.702653E+01
0000000000905              8.675385E+01
0000000000906              8.650848E+01
0000000000907              8.626329E+01
0000000000908              8.599306E+01
0000000000909              8.574927E+01
0000000000910              8.548024E+01
0000000000911              8.523784E+01
0000000000912              8.497003E+01
0000000000913              8.472900E+01
0000000000914              8.448815E+01
0000000000915              8.422273E+01
0000000000916              8.398326E+01
0000000000917              8.371908E+01
0000000000918              8.348096E+01
0000000000919              8.321797E+01
0000000000920              8.298124E+01
0000000000921              8.274467E+01
0000000000922              8.248405E+01
0000000000923              8.224884E+01
0000000000924              8.198944E+01
0000000000925              8.175558E+01
0000000000926              8.149736E+01
0000000000927              8.126484E+01
0000000000928              8.100782E+01
0000000000929              8.077664E+01
0000000000930              8.054566E+01
0000000000931              8.029097E+01
0000000000932              8.006133E+01
0000000000933              7.980781E+01
0000000000934              7.957949E+01
0000000000935              7.932716E+01
0000000000936              7.910014E+01
0000000000937              7.887334E+01
0000000000938              7.862332E+01
0000000000939              7.839780E+01
0000000000940              7.814896E+01
0000000000941              7.792479E+01
0000000000942              7.767711E+01
0000000000943              7.745422E+01
0000000000944              7.720769E+01
0000000000945              7.698609E+01
0000000000946              7.676469E+01
0000000000947              7.652046E+01
0000000000948              7.630035E+01
0000000000949              7.605725E+01
0000000000950              7.583844E+01
0000000000951              7.559650E+01
0000000000952              7.537896E+01
0000000000953              7.516161E+01
0000000000954              7.492191E+01
0000000000955              7.470582E+01
0000000000956              7.446728E+01
0000000000957              7.425246E+01
0000000000958              7.401505E+01
0000000000959              7.380150E+01
0000000000960              7.358816E+01
0000000000961              7.335295E+01
0000000000962              7.314086E+01
0000000000963              7.290676E+01
0000000000964              7.269593E+01
0000000000965              7.246297E+01
0000000000966              7.225337E+01
0000000000967              7.202154E+01
0000000000968              7.181319E+01
0000000000969              7.160502E+01
0000000000970              7.137537E+01
0000000000971              7.116843E+01
0000000000972              7.093987E+01
0000000000973              7.073418E+01
0000000000974              7.050674E+01
0000000000975              7.030226E+01
0000000000976              7.009798E+01
0000000000977              6.987267E+01
0000000000978              6.966959E+01
0000000000979              6.944539E+01
0000000000980              6.924352E+01
0000000000981              6.902041E+01
0000000000982              6.881978E+01
0000000000983              6.859775E+01
0000000000984              6.839829E+01
0000000000985              6.819904E+01
0000000000986              6.797910E+01
0000000000987              6.778102E+01
0000000000988              6.756221E+01
0000000000989              6.736531E+01
0000000000990              6.714754E+01
0000000000991              6.695185E+01
0000000000992              6.673517E+01
0000000000993              6.654065E+01
0000000000994              6.634634E+01
0000000000995              6.613168E+01
0000000000996              6.593852E+01
0000000000997              6.572498E+01
0000000000998              6.553297E+01
0000000000999              6.532044E+01
0000000001000              6.512962E+01
0000000001001              6.493900E+01
0000000001002              6.472851E+01
0000000001003              6.453902E+01
0000000001004              6.432957E+01
0000000001005              6.414124E+01
0000000001006              6.393286E+01
0000000001007              6.374567E+01
0000000001008              6.353830E+01
0000000001009              6.335226E+01
0000000001010              6.316638E+01
0000000001011              6.296102E+01
0000000001012              6.277628E+01
0000000001013              6.257194E+01
0000000001014              6.238834E+01
0000000001015              6.218502E+01
0000000001016              6.200254E+01
0000000001017              6.182023E+01
0000000001018              6.161889E+01
0000000001019              6.143768E+01
0000000001020              6.123735E+01
0000000001021              6.105727E+01
0000000001022              6.085794E+01
0000000001023              6.067897E+01
0000000001024              6.048066E+01
0000000001025              6.030277E+01
0000000001026              6.012507E+01
0000000001027              5.992868E+01
0000000001028              5.975207E+01
0000000001029              5.955667E+01
0000000001030              5.938115E+01
0000000001031              5.918676E+01
0000000001032              5.901232E+01
0000000001033              5.883805E+01
0000000001034              5.864554E+01
0000000001035              5.847235E+01
0000000001036              5.828082E+01
0000000001037              5.810871E+01
0000000001038              5.791816E+01
0000000001039              5.774711E+01
0000000001040              5.755753E+01
0000000001041              5.738755E+01
0000000001042              5.721772E+01
0000000001043              5.703001E+01
0000000001044              5.686124E+01
0000000001045              5.667448E+01
0000000001046              5.650677E+01
0000000001047              5.632096E+01
0000000001048              5.615430E+01
0000000001049              5.596946E+01
0000000001050              5.580382E+01
0000000001051              5.563837E+01
0000000001052              5.545534E+01
0000000001053              5.529090E+01
0000000001054              5.510882E+01
0000000001055              5.494542E+01
0000000001056              5.476429E+01
0000000001057              5.460190E+01
0000000001058              5.442170E+01
0000000001059              5.426033E+01
0000000001060              5.409913E+01
0000000001061              5.392071E+01
0000000001062              5.376051E+01
0000000001063              5.358302E+01
0000000001064              5.342384E+01
0000000001065              5.324727E+01
0000000001066              5.308908E+01
0000000001067              5.291342E+01
0000000001068              5.275623E+01
0000000001069              5.259921E+01
0000000001070              5.242529E+01
0000000001071              5.226925E+01
0000000001072              5.209625E+01
0000000001073              5.194120E+01
0000000001074              5.176910E+01
0000000001075              5.161502E+01
0000000001076              5.146111E+01
0000000001077              5.129072E+01
0000000001078              5.113778E+01
0000000001079              5.096828E+01
0000000001080              5.081630E+01
0000000001081              5.064770E+01
0000000001082              5.049669E+01
0000000001083              5.032898E+01
0000000001084              5.017892E+01
0000000001085              5.002902E+01
0000000001086              4.986298E+01
0000000001087              4.971402E+01
0000000001088              4.954886E+01
0000000001089              4.940085E+01
0000000001090              4.923656E+01
0000000001091              4.908950E+01
0000000001092              4.892608E+01
0000000001093              4.877995E+01
0000000001094              4.861739E+01
0000000001095              4.847219E+01
0000000001096              4.832715E+01
0000000001097              4.816623E+01
0000000001098              4.802211E+01
0000000001099              4.786204E+01
0000000001100              4.771883E+01
0000000001101              4.755962E+01
0000000001102              4.741732E+01
0000000001103              4.727520E+01
0000000001104              4.711757E+01
0000000001105              4.697635E+01
0000000001106              4.681958E+01
0000000001107              4.667926E+01
0000000001108              4.652332E+01
0000000001109              4.638390E+01
0000000001110              4.622879E+01
0000000001111              4.609026E+01
0000000001112              4.595188E+01
0000000001113              4.579834E+01
0000000001114              4.566085E+01
0000000001115              4.550813E+01
0000000001116              4.537152E+01
0000000001117              4.521962E+01
0000000001118              4.508390E+01
0000000001119              4.493282E+01
0000000001120              4.479796E+01
0000000001121              4.466325E+01
0000000001122              4.451369E+01
0000000001123              4.437985E+01
0000000001124              4.423112E+01
0000000001125              4.409813E+01
0000000001126              4.395018E+01
0000000001127              4.381806E+01
0000000001128              4.367092E+01
0000000001129              4.353964E+01
0000000001130              4.340852E+01
0000000001131              4.326288E+01
0000000001132              4.313260E+01
0000000001133              4.298774E+01
0000000001134              4.285830E+01
0000000001135              4.271422E+01
0000000001136              4.258563E+01
0000000001137              4.244233E+01
0000000001138              4.231456E+01
0000000001139              4.218695E+01
0000000001140              4.204511E+01
0000000001141              4.191832E+01
0000000001142              4.177726E+01
0000000001143              4.165129E+01
0000000001144              4.151098E+01
0000000001145              4.138583E+01
0000000001146              4.124630E+01
0000000001147              4.112196E+01
0000000001148              4.099776E+01
0000000001149              4.085965E+01
0000000001150              4.073626E+01
0000000001151              4.059892E+01
0000000001152              4.047632E+01
0000000001153              4.033973E+01
0000000001154              4.021793E+01
0000000001155              4.008208E+01
0000000001156              3.996107E+01
0000000001157              3.984022E+01
0000000001158              3.970576E+01
0000000001159              3.958569E+01
0000000001160              3.945197E+01
0000000001161              3.933268E+01
0000000001162              3.919969E+01
0000000001163              3.908119E+01
0000000001164              3.894893E+01
0000000001165              3.883120E+01
0000000001166              3.871359E+01
0000000001167              3.858271E+01
0000000001168              3.846587E+01
0000000001169              3.833569E+01
0000000001170              3.821963E+01
0000000001171              3.809017E+01
0000000001172              3.797486E+01
0000000001173              3.784612E+01
0000000001174              3.773157E+01
0000000001175              3.761715E+01
0000000001176              3.748975E+01
0000000001177              3.737607E+01
0000000001178              3.724937E+01
0000000001179              3.713644E+01
0000000001180              3.701043E+01
0000000001181              3.689825E+01
0000000001182              3.677294E+01
0000000001183              3.666150E+01
0000000001184              3.655019E+01
0000000001185              3.642618E+01
0000000001186              3.631559E+01
0000000001187              3.619227E+01
0000000001188              3.608242E+01
0000000001189              3.595977E+01
0000000001190              3.585065E+01
0000000001191              3.572869E+01
0000000001192              3.562027E+01
0000000001193              3.549900E+01
0000000001194              3.539131E+01
0000000001195              3.528374E+01
0000000001196              3.516372E+01
0000000001197              3.505686E+01
0000000001198              3.493750E+01
0000000001199              3.483136E+01
0000000001200              3.471267E+01
0000000001201              3.460722E+01
0000000001202              3.448919E+01
0000000001203              3.438444E+01
0000000001204              3.427981E+01
0000000001205              3.416302E+01
0000000001206              3.405909E+01
0000000001207              3.394294E+01
0000000001208              3.383969E+01
0000000001209              3.372420E+01
0000000001210              3.362164E+01
0000000001211              3.350680E+01
0000000001212              3.340491E+01
0000000001213              3.330315E+01
0000000001214              3.318950E+01
0000000001215              3.308842E+01
0000000001216              3.297541E+01
0000000001217              3.287499E+01
0000000001218              3.276262E+01
0000000001219              3.266288E+01
0000000001220              3.255112E+01
0000000001221              3.245205E+01
0000000001222              3.235308E+01
0000000001223              3.224250E+01
0000000001224              3.214420E+01
0000000001225              3.203424E+01
0000000001226              3.193659E+01
0000000001227              3.182726E+01
0000000001228              3.173026E+01
0000000001229              3.162154E+01
0000000001230              3.152518E+01
0000000001231              3.142895E+01
0000000001232              3.132137E+01
0000000001233              3.122577E+01
0000000001234              3.111880E+01
0000000001235              3.102384E+01
0000000001236              3.091748E+01
0000000001237              3.082315E+01
0000000001238              3.071739E+01
0000000001239              3.062370E+01
0000000001240              3.051853E+01
0000000001241              3.042546E+01
0000000001242              3.033250E+01
0000000001243              3.022845E+01
0000000001244              3.013611E+01
0000000001245              3.003264E+01
0000000001246              2.994093E+01
0000000001247              2.983805E+01
0000000001248              2.974694E+01
0000000001249              2.964464E+01
0000000001250              2.955415E+01
0000000001251              2.946376E+01
0000000001252              2.936255E+01
0000000001253              2.927277E+01
0000000001254              2.917212E+01
0000000001255              2.908295E+01
0000000001256              2.898288E+01
0000000001257              2.889430E+01
0000000001258              2.879480E+01
0000000001259              2.870682E+01
0000000001260              2.861894E+01
0000000001261              2.852049E+01
0000000001262              2.843320E+01
0000000001263              2.833532E+01
0000000001264              2.824862E+01
0000000001265              2.815129E+01
0000000001266              2.806517E+01
0000000001267              2.796840E+01
0000000001268              2.788287E+01
0000000001269              2.778665E+01
0000000001270              2.770169E+01
0000000001271              2.761683E+01
0000000001272              2.752163E+01
0000000001273              2.743734E+01
0000000001274              2.734269E+01
0000000001275              2.725896E+01
0000000001276              2.716485E+01
0000000001277              2.708170E+01
0000000001278              2.698812E+01
0000000001279              2.690553E+01
0000000001280              2.682303E+01
0000000001281              2.673046E+01
0000000001282              2.664852E+01
0000000001283              2.655647E+01
0000000001284              2.647509E+01
0000000001285              2.638357E+01
0000000001286              2.630273E+01
0000000001287              2.621173E+01
0000000001288              2.613145E+01
0000000001289              2.604098E+01
0000000001290              2.596124E+01
0000000001291              2.588159E+01
0000000001292              2.579208E+01
0000000001293              2.571297E+01
0000000001294              2.562398E+01
0000000001295              2.554541E+01
0000000001296              2.545692E+01
0000000001297              2.537889E+01
0000000001298              2.529091E+01
0000000001299              2.521340E+01
0000000001300              2.513598E+01
0000000001301              2.504895E+01
0000000001302              2.497206E+01
0000000001303              2.488553E+01
0000000001304              2.480916E+01
0000000001305              2.472313E+01
0000000001306              2.464728E+01
0000000001307              2.456174E+01
0000000001308              2.448641E+01
0000000001309              2.440136E+01
0000000001310              2.432655E+01
0000000001311              2.425181E+01
0000000001312              2.416768E+01
0000000001313              2.409345E+01
0000000001314              2.400981E+01
0000000001315              2.393609E+01
0000000001316              2.385293E+01
0000000001317              2.377971E+01
0000000001318              2.369703E+01
0000000001319              2.362431E+01
0000000001320              2.355168E+01
0000000001321              2.346989E+01
0000000001322              2.339775E+01
0000000001323              2.331643E+01
0000000001324              2.324479E+01
0000000001325              2.316394E+01
0000000001326              2.309278E+01
0000000001327              2.301240E+01
0000000001328              2.294173E+01
0000000001329              2.286182E+01
0000000001330              2.279163E+01
0000000001331              2.272153E+01
0000000001332              2.264248E+01
0000000001333              2.257285E+01
0000000001334              2.249426E+01
0000000001335              2.242510E+01
0000000001336              2.234697E+01
0000000001337              2.227829E+01
0000000001338              2.220060E+01
0000000001339              2.213240E+01
0000000001340              2.206428E+01
0000000001341              2.198743E+01
0000000001342              2.191977E+01
0000000001343              2.184337E+01
0000000001344              2.177618E+01
0000000001345              2.170022E+01
0000000001346              2.163349E+01
0000000001347              2.155797E+01
0000000001348              2.149170E+01
0000000001349              2.141662E+01
0000000001350              2.135080E+01
0000000001351              2.128505E+01
0000000001352              2.121079E+01
0000000001353              2.114550E+01
0000000001354              2.107167E+01
0000000001355              2.100683E+01
0000000001356              2.093343E+01
0000000001357              2.086903E+01
0000000001358              2.079606E+01
0000000001359              2.073210E+01
0000000001360              2.066822E+01
0000000001361              2.059604E+01
0000000001362              2.053260E+01
0000000001363              2.046084E+01
0000000001364              2.039783E+01
0000000001365              2.032649E+01
0000000001366              2.026392E+01
0000000001367              2.019300E+01
0000000001368              2.013086E+01
0000000001369              2.006035E+01
0000000001370              1.999863E+01
0000000001371              1.993699E+01
0000000001372              1.986725E+01
0000000001373              1.980603E+01
0000000001374              1.973670E+01
0000000001375              1.967590E+01
0000000001376              1.960698E+01
0000000001377              1.954660E+01
0000000001378              1.947808E+01
0000000001379              1.941811E+01
0000000001380              1.934999E+01
0000000001381              1.929045E+01
0000000001382              1.923097E+01
0000000001383              1.916359E+01
0000000001384              1.910452E+01
0000000001385              1.903753E+01
0000000001386              1.897888E+01
0000000001387              1.891228E+01
0000000001388              1.885403E+01
0000000001389              1.878783E+01
0000000001390              1.872998E+01
0000000001391              1.866417E+01
0000000001392              1.860671E+01
0000000001393              1.854933E+01
0000000001394              1.848424E+01
0000000001395              1.842724E+01
0000000001396              1.836253E+01
0000000001397              1.830594E+01
0000000001398              1.824161E+01
0000000001399              1.818540E+01
0000000001400              1.812145E+01
0000000001401              1.806564E+01
0000000001402              1.800989E+01
0000000001403              1.794663E+01
0000000001404              1.789127E+01
0000000001405              1.782839E+01
0000000001406              1.777341E+01
0000000001407              1.771090E+01
0000000001408              1.765630E+01
0000000001409              1.759416E+01
0000000001410              1.753994E+01
0000000001411              1.747816E+01
0000000001412              1.742432E+01
0000000001413              1.737053E+01
0000000001414              1.730943E+01
0000000001415              1.725602E+01
0000000001416              1.719528E+01
0000000001417              1.714225E+01
0000000001418              1.708186E+01
0000000001419              1.702919E+01
0000000001420              1.696916E+01
0000000001421              1.691686E+01
0000000001422              1.686461E+01
0000000001423              1.680525E+01
0000000001424              1.675337E+01
0000000001425              1.669436E+01
0000000001426              1.664283E+01
0000000001427              1.658417E+01
0000000001428              1.653300E+01
0000000001429              1.647468E+01
0000000001430              1.642387E+01
0000000001431              1.636590E+01
0000000001432              1.631544E+01
0000000001433              1.626505E+01
0000000001434              1.620771E+01
0000000001435              1.615767E+01
0000000001436              1.610066E+01
0000000001437              1.605097E+01
0000000001438              1.599431E+01
0000000001439              1.594495E+01
0000000001440              1.588863E+01
0000000001441              1.583962E+01
0000000001442              1.578363E+01
0000000001443              1.573496E+01
0000000001444              1.568635E+01
0000000001445              1.563098E+01
0000000001446              1.558270E+01
0000000001447              1.552766E+01
0000000001448              1.547972E+01
0000000001449              1.542500E+01
0000000001450              1.537740E+01
0000000001451              1.532300E+01
0000000001452              1.527573E+01
0000000001453              1.522166E+01
0000000001454              1.517472E+01
0000000001455              1.512783E+01
0000000001456              1.507436E+01
0000000001457              1.502780E+01
0000000001458              1.497464E+01
0000000001459              1.492841E+01
0000000001460              1.487556E+01
0000000001461              1.482965E+01
0000000001462              1.477712E+01
0000000001463              1.473153E+01
0000000001464              1.467931E+01
0000000001465              1.463404E+01
0000000001466              1.458882E+01
0000000001467              1.453718E+01
0000000001468              1.449228E+01
0000000001469              1.444094E+01
0000000001470              1.439635E+01
0000000001471              1.434532E+01
0000000001472              1.430104E+01
0000000001473              1.425032E+01
0000000001474              1.420635E+01
0000000001475              1.415593E+01
0000000001476              1.411227E+01
0000000001477              1.406866E+01
0000000001478              1.401879E+01
0000000001479              1.397549E+01
0000000001480              1.392592E+01
0000000001481              1.388292E+01
0000000001482              1.383364E+01
0000000001483              1.379094E+01
0000000001484              1.374196E+01
0000000001485              1.369956E+01
0000000001486              1.365720E+01
0000000001487              1.360877E+01
0000000001488              1.356671E+01
0000000001489              1.351856E+01
0000000001490              1.347680E+01
0000000001491              1.342894E+01
0000000001492              1.338747E+01
0000000001493              1.333989E+01
0000000001494              1.329871E+01
0000000001495              1.325142E+01
0000000001496              1.321053E+01
0000000001497              1.316969E+01
0000000001498              1.312292E+01
0000000001499              1.308236E+01
0000000001500              1.303588E+01
0000000001501              1.299560E+01
0000000001502              1.294939E+01
0000000001503              1.290940E+01
0000000001504              1.286347E+01
0000000001505              1.282376E+01
0000000001506              1.277810E+01
0000000001507              1.273867E+01
0000000001508              1.269929E+01
0000000001509              1.265413E+01
0000000001510              1.261502E+01
0000000001511              1.257014E+01
0000000001512              1.253131E+01
0000000001513              1.248670E+01
0000000001514              1.244813E+01
0000000001515              1.240378E+01
0000000001516              1.236550E+01
0000000001517              1.232141E+01
0000000001518              1.228339E+01
0000000001519              1.223958E+01
0000000001520              1.220182E+01
0000000001521              1.216411E+01
0000000001522              1.212078E+01
0000000001523              1.208334E+01
0000000001524              1.204027E+01
0000000001525              1.200309E+01
0000000001526              1.196027E+01
0000000001527              1.192335E+01
0000000001528              1.188079E+01
0000000001529              1.184414E+01
0000000001530              1.180184E+01
0000000001531              1.176544E+01
0000000001532              1.172907E+01
0000000001533              1.168724E+01
0000000001534              1.165114E+01
0000000001535              1.160956E+01
0000000001536              1.157371E+01
0000000001537              1.153238E+01
0000000001538              1.149678E+01
0000000001539              1.145570E+01
0000000001540              1.142036E+01
0000000001541              1.137952E+01
0000000001542              1.134442E+01
0000000001543              1.130936E+01
0000000001544              1.126899E+01
0000000001545              1.123417E+01
0000000001546              1.119404E+01
0000000001547              1.115947E+01
0000000001548              1.111958E+01
0000000001549              1.108525E+01
0000000001550              1.104560E+01
0000000001551              1.101152E+01
0000000001552              1.097747E+01
0000000001553              1.093826E+01
0000000001554              1.090446E+01
0000000001555              1.086548E+01
0000000001556              1.083192E+01
0000000001557              1.079317E+01
0000000001558              1.075985E+01
0000000001559              1.072134E+01
0000000001560              1.068825E+01
0000000001561              1.064997E+01
0000000001562              1.061712E+01
0000000001563              1.057907E+01
0000000001564              1.054644E+01
0000000001565              1.051385E+01
0000000001566              1.047623E+01
0000000001567              1.044387E+01
0000000001568              1.040648E+01
0000000001569              1.037435E+01
0000000001570              1.033718E+01
0000000001571              1.030528E+01
0000000001572              1.026833E+01
0000000001573              1.023665E+01
0000000001574              1.019993E+01
0000000001575              1.016848E+01
0000000001576              1.013706E+01
0000000001577              1.010075E+01
0000000001578              1.006955E+01
0000000001579              1.003346E+01
0000000001580              1.000248E+01
0000000001581              9.966604E+00
0000000001582              9.935847E+00
0000000001583              9.900187E+00
0000000001584              9.869649E+00
0000000001585              9.834203E+00
0000000001586              9.803884E+00
0000000001587              9.768650E+00
0000000001588              9.738546E+00
0000000001589              9.708468E+00
0000000001590              9.673634E+00
0000000001591              9.643770E+00
0000000001592              9.609146E+00
0000000001593              9.579494E+00
0000000001594              9.545080E+00
0000000001595              9.515640E+00
0000000001596              9.481431E+00
0000000001597              9.452202E+00
0000000001598              9.418197E+00
0000000001599              9.389177E+00
0000000001600              9.360183E+00
0000000001601              9.326565E+00
0000000001602              9.297776E+00
0000000001603              9.264360E+00
0000000001604              9.235776E+00
0000000001605              9.202562E+00
0000000001606              9.174183E+00
0000000001607              9.141168E+00
0000000001608              9.112990E+00
0000000001609              9.080174E+00
0000000001610              9.052198E+00
0000000001611              9.024247E+00
0000000001612              8.991803E+00
0000000001613              8.964051E+00
0000000001614              8.931802E+00
0000000001615              8.904247E+00
0000000001616              8.872194E+00
0000000001617              8.844837E+00
0000000001618              8.812973E+00
0000000001619              8.785810E+00
0000000001620              8.754141E+00
0000000001621              8.727172E+00
0000000001622              8.700228E+00
0000000001623              8.668919E+00
0000000001624              8.642165E+00
0000000001625              8.611045E+00
0000000001626              8.584483E+00
0000000001627              8.553551E+00
0000000001628              8.527179E+00
0000000001629              8.496432E+00
0000000001630              8.470249E+00
0000000001631              8.439689E+00
0000000001632              8.413693E+00
0000000001633              8.387718E+00
0000000001634              8.357505E+00
0000000001635              8.331718E+00
0000000001636              8.301687E+00
0000000001637              8.276085E+00
0000000001638              8.246235E+00
0000000001639              8.220814E+00
0000000001640              8.191146E+00
0000000001641              8.165906E+00
0000000001642              8.136416E+00
0000000001643              8.111358E+00
0000000001644              8.082048E+00
0000000001645              8.057169E+00
0000000001646              8.032310E+00
0000000001647              8.003333E+00
0000000001648              7.978653E+00
0000000001649              7.949849E+00
0000000001650              7.925347E+00
0000000001651              7.896718E+00
0000000001652              7.872388E+00
0000000001653              7.843934E+00
0000000001654              7.819779E+00
0000000001655              7.791494E+00
0000000001656              7.767516E+00
0000000001657              7.743555E+00
0000000001658              7.715592E+00
0000000001659              7.691803E+00
0000000001660              7.664011E+00
0000000001661              7.640391E+00
0000000001662              7.612766E+00
0000000001663              7.589316E+00
0000000001664              7.561858E+00
0000000001665              7.538576E+00
0000000001666              7.511286E+00
0000000001667              7.488172E+00
0000000001668              7.465076E+00
0000000001669              7.438096E+00
0000000001670              7.415166E+00
0000000001671              7.388349E+00
0000000001672              7.365584E+00
0000000001673              7.338929E+00
0000000001674              7.316328E+00
0000000001675              7.289835E+00
0000000001676              7.267395E+00
0000000001677              7.241062E+00
0000000001678              7.218784E+00
0000000001679              7.192610E+00
0000000001680              7.170492E+00
0000000001681              7.148390E+00
0000000001682              7.122517E+00
0000000001683              7.100574E+00
0000000001684              7.074857E+00
0000000001685              7.053072E+00
0000000001686              7.027512E+00
0000000001687              7.005883E+00
0000000001688              6.980476E+00
0000000001689              6.959003E+00
0000000001690              6.933750E+00
0000000001691              6.912431E+00
0000000001692              6.891129E+00
0000000001693              6.866167E+00
0000000001694              6.845018E+00
0000000001695              6.820206E+00
0000000001696              6.799209E+00
0000000001697              6.774547E+00
0000000001698              6.753701E+00
0000000001699              6.729187E+00
0000000001700              6.708490E+00
0000000001701              6.684127E+00
0000000001702              6.663579E+00
0000000001703              6.643047E+00
0000000001704              6.618963E+00
0000000001705              6.598579E+00
0000000001706              6.574640E+00
0000000001707              6.554403E+00
0000000001708              6.530610E+00
0000000001709              6.510517E+00
0000000001710              6.486868E+00
0000000001711              6.466920E+00
0000000001712              6.443414E+00
0000000001713              6.423610E+00
0000000001714              6.400246E+00
0000000001715              6.380585E+00
0000000001716              6.360938E+00
0000000001717              6.337843E+00
0000000001718              6.318338E+00
0000000001719              6.295384E+00
0000000001720              6.276019E+00
0000000001721              6.253204E+00
0000000001722              6.233979E+00
0000000001723              6.211302E+00
0000000001724              6.192216E+00
0000000001725              6.169676E+00
0000000001726              6.150727E+00
0000000001727              6.131793E+00
0000000001728              6.109513E+00
0000000001729              6.090715E+00
0000000001730              6.068569E+00
0000000001731              6.049907E+00
0000000001732              6.027897E+00
0000000001733              6.009368E+00
0000000001734              5.987492E+00
0000000001735              5.969097E+00
0000000001736              5.947353E+00
0000000001737              5.929091E+00
0000000001738              5.907479E+00
0000000001739              5.889349E+00
0000000001740              5.871233E+00
0000000001741              5.849869E+00
0000000001742              5.831883E+00
0000000001743              5.810650E+00
0000000001744              5.792793E+00
0000000001745              5.771689E+00
0000000001746              5.753961E+00
0000000001747              5.732985E+00
0000000001748              5.715385E+00
0000000001749              5.694537E+00
0000000001750              5.677064E+00
0000000001751              5.656341E+00
0000000001752              5.638995E+00
0000000001753              5.621660E+00
0000000001754              5.601177E+00
0000000001755              5.583968E+00
0000000001756              5.563609E+00
0000000001757              5.546523E+00
0000000001758              5.526289E+00
0000000001759              5.509326E+00
0000000001760              5.489214E+00
0000000001761              5.472375E+00
0000000001762              5.452385E+00
0000000001763              5.435667E+00
0000000001764              5.418961E+00
0000000001765              5.399200E+00
0000000001766              5.382615E+00
0000000001767              5.362976E+00
0000000001768              5.346510E+00
0000000001769              5.326990E+00
0000000001770              5.310643E+00
0000000001771              5.291242E+00
0000000001772              5.275013E+00
0000000001773              5.255730E+00
0000000001774              5.239618E+00
0000000001775              5.220453E+00
0000000001776              5.204459E+00
0000000001777              5.188475E+00
0000000001778              5.169530E+00
0000000001779              5.153661E+00
0000000001780              5.134832E+00
0000000001781              5.119079E+00
0000000001782              5.100365E+00
0000000001783              5.084725E+00
0000000001784              5.066125E+00
0000000001785              5.050598E+00
0000000001786              5.032112E+00
0000000001787              5.016697E+00
0000000001788              5.001294E+00
0000000001789              4.983021E+00
0000000001790              4.967729E+00
0000000001791              4.949567E+00
0000000001792              4.934385E+00
0000000001793              4.916336E+00
0000000001794              4.901262E+00
0000000001795              4.883321E+00
0000000001796              4.868359E+00
0000000001797              4.850527E+00
0000000001798              4.835672E+00
0000000001799              4.817950E+00
0000000001800              4.803203E+00
0000000001801              4.788465E+00
0000000001802              4.770948E+00
0000000001803              4.756318E+00
0000000001804              4.738907E+00
0000000001805              4.724382E+00
0000000001806              4.707078E+00
0000000001807              4.692658E+00
0000000001808              4.675459E+00
0000000001809              4.661144E+00
0000000001810              4.644049E+00
0000000001811              4.629838E+00
0000000001812              4.612847E+00
0000000001813              4.598739E+00
0000000001814              4.584641E+00
0000000001815              4.567846E+00
0000000001816              4.553849E+00
0000000001817              4.537159E+00
0000000001818              4.523263E+00
0000000001819              4.506673E+00
0000000001820              4.492879E+00
0000000001821              4.476390E+00
0000000001822              4.462696E+00
0000000001823              4.446307E+00
0000000001824              4.432712E+00
0000000001825              4.419125E+00
0000000001826              4.402927E+00
0000000001827              4.389439E+00
0000000001828              4.373339E+00
0000000001829              4.359949E+00
0000000001830              4.343948E+00
0000000001831              4.330654E+00
0000000001832              4.314750E+00
0000000001833              4.301553E+00
0000000001834              4.285747E+00
0000000001835              4.272645E+00
0000000001836              4.256934E+00
0000000001837              4.243928E+00
0000000001838              4.230930E+00
0000000001839              4.215402E+00
0000000001840              4.202497E+00
0000000001841              4.187064E+00
0000000001842              4.174254E+00
0000000001843              4.158915E+00
0000000001844              4.146197E+00
0000000001845              4.130951E+00
0000000001846              4.118325E+00
0000000001847              4.103174E+00
0000000001848              4.090640E+00
0000000001849              4.078113E+00
0000000001850              4.063138E+00
0000000001851              4.050703E+00
0000000001852              4.035817E+00
0000000001853              4.023473E+00
0000000001854              4.008679E+00
0000000001855              3.996424E+00
0000000001856              3.981721E+00
0000000001857              3.969554E+00
0000000001858              3.954941E+00
0000000001859              3.942863E+00
0000000001860              3.928339E+00
0000000001861              3.916349E+00
0000000001862              3.904366E+00
0000000001863              3.890011E+00
0000000001864              3.878115E+00
0000000001865              3.863847E+00
0000000001866              3.852038E+00
0000000001867              3.837857E+00
0000000001868              3.826134E+00
0000000001869              3.812040E+00
0000000001870              3.800402E+00
0000000001871              3.786395E+00
0000000001872              3.774841E+00
0000000001873              3.760919E+00
0000000001874              3.749449E+00
0000000001875              3.737986E+00
0000000001876              3.724226E+00
0000000001877              3.712847E+00
0000000001878              3.699171E+00
0000000001879              3.687874E+00
0000000001880              3.674282E+00
0000000001881              3.663067E+00
0000000001882              3.649558E+00
0000000001883              3.638425E+00
0000000001884              3.624999E+00
0000000001885              3.613946E+00
0000000001886              3.600603E+00
0000000001887              3.589631E+00
0000000001888              3.578665E+00
0000000001889              3.565476E+00
0000000001890              3.554590E+00
0000000001891              3.541482E+00
0000000001892              3.530675E+00
0000000001893              3.517648E+00
0000000001894              3.506919E+00
0000000001895              3.493971E+00
0000000001896              3.483321E+00
0000000001897              3.470452E+00
0000000001898              3.459879E+00
0000000001899              3.447089E+00
0000000001900              3.436594E+00
0000000001901              3.426104E+00
0000000001902              3.413462E+00
0000000001903              3.403049E+00
0000000001904              3.390485E+00
0000000001905              3.380147E+00
0000000001906              3.367659E+00
0000000001907              3.357397E+00
0000000001908              3.344987E+00
0000000001909              3.334799E+00
0000000001910              3.322464E+00
0000000001911              3.312351E+00
0000000001912              3.302241E+00
0000000001913              3.290051E+00
0000000001914              3.280016E+00
0000000001915              3.267900E+00
0000000001916              3.257938E+00
0000000001917              3.245896E+00
0000000001918              3.236007E+00
0000000001919              3.224039E+00
0000000001920              3.214222E+00
0000000001921              3.202327E+00
0000000001922              3.192581E+00
0000000001923              3.180758E+00
0000000001924              3.171084E+00
0000000001925              3.161414E+00
0000000001926              3.149730E+00
0000000001927              3.140131E+00
0000000001928              3.128518E+00
0000000001929              3.118988E+00
0000000001930              3.107446E+00
0000000001931              3.097986E+00
0000000001932              3.086515E+00
0000000001933              3.077124E+00
0000000001934              3.065723E+00
0000000001935              3.056401E+00
0000000001936              3.045069E+00
0000000001937              3.035815E+00
0000000001938              3.026565E+00
0000000001939              3.015366E+00
0000000001940              3.006183E+00
0000000001941              2.995053E+00
0000000001942              2.985937E+00
0000000001943              2.974875E+00
0000000001944              2.965826E+00
0000000001945              2.954831E+00
0000000001946              2.945848E+00
0000000001947              2.934921E+00
0000000001948              2.926003E+00
0000000001949              2.915143E+00
0000000001950              2.906291E+00
0000000001951              2.897442E+00
0000000001952              2.886709E+00
0000000001953              2.877925E+00
0000000001954              2.867259E+00
0000000001955              2.858538E+00
0000000001956              2.847936E+00
0000000001957              2.839280E+00
0000000001958              2.828744E+00
0000000001959              2.820150E+00
0000000001960              2.809679E+00
0000000001961              2.801148E+00
0000000001962              2.790740E+00
0000000001963              2.782273E+00
0000000001964              2.773808E+00
0000000001965              2.763523E+00
0000000001966              2.755121E+00
0000000001967              2.744898E+00
0000000001968              2.736557E+00
0000000001969              2.726397E+00
0000000001970              2.718117E+00
0000000001971              2.708019E+00
0000000001972              2.699800E+00
0000000001973              2.689764E+00
0000000001974              2.681605E+00
0000000001975              2.671631E+00
0000000001976              2.663531E+00
0000000001977              2.655434E+00
0000000001978              2.645577E+00
0000000001979              2.637541E+00
0000000001980              2.627744E+00
0000000001981              2.619766E+00
0000000001982              2.610029E+00
0000000001983              2.602109E+00
0000000001984              2.592433E+00
0000000001985              2.584570E+00
0000000001986              2.574953E+00
0000000001987              2.567148E+00
0000000001988              2.557590E+00
0000000001989              2.549842E+00
0000000001990              2.542097E+00
0000000001991              2.532652E+00
0000000001992              2.524964E+00
0000000001993              2.515576E+00
0000000001994              2.507944E+00
0000000001995              2.498613E+00
0000000001996              2.491037E+00
0000000001997              2.481764E+00
0000000001998              2.474243E+00
0000000001999              2.465027E+00
0000000002000              2.457561E+00
0000000002001              2.450099E+00
0000000002002              2.440991E+00
0000000002003              2.433583E+00
0000000002004              2.424531E+00
0000000002005              2.417177E+00
0000000002006              2.408180E+00
0000000002007              2.400881E+00
0000000002008              2.391939E+00
0000000002009              2.384692E+00
0000000002010              2.375807E+00
0000000002011              2.368613E+00
0000000002012              2.359781E+00
0000000002013              2.352640E+00
0000000002014              2.343862E+00
0000000002015              2.336773E+00
0000000002016              2.329687E+00
0000000002017              2.321012E+00
0000000002018              2.313979E+00
0000000002019              2.305357E+00
0000000002020              2.298375E+00
0000000002021              2.289806E+00
0000000002022              2.282875E+00
0000000002023              2.274359E+00
0000000002024              2.267478E+00
0000000002025              2.259014E+00
0000000002026              2.252184E+00
0000000002027              2.243773E+00
0000000002028              2.236992E+00
0000000002029              2.230214E+00
0000000002030              2.221902E+00
0000000002031              2.215173E+00
0000000002032              2.206911E+00
0000000002033              2.200232E+00
0000000002034              2.192021E+00
0000000002035              2.185392E+00
0000000002036              2.177231E+00
0000000002037              2.170649E+00
0000000002038              2.162539E+00
0000000002039              2.156005E+00
0000000002040              2.147945E+00
0000000002041              2.141459E+00
0000000002042              2.134976E+00
0000000002043              2.127010E+00
0000000002044              2.120574E+00
0000000002045              2.112658E+00
0000000002046              2.106269E+00
0000000002047              2.098401E+00
0000000002048              2.092059E+00
0000000002049              2.084239E+00
0000000002050              2.077944E+00
0000000002051              2.070172E+00
0000000002052              2.063922E+00
0000000002053              2.056198E+00
0000000002054              2.049995E+00
0000000002055              2.043793E+00
0000000002056              2.036160E+00
0000000002057              2.030004E+00
0000000002058              2.022418E+00
0000000002059              2.016307E+00
0000000002060              2.008767E+00
0000000002061              2.002700E+00
0000000002062              1.995207E+00
0000000002063              1.989185E+00
0000000002064              1.981738E+00
0000000002065              1.975760E+00
0000000002066              1.968359E+00
0000000002067              1.962425E+00
0000000002068              1.956493E+00
0000000002069              1.949179E+00
0000000002070              1.943290E+00
0000000002071              1.936021E+00
0000000002072              1.930176E+00
0000000002073              1.922951E+00
0000000002074              1.917148E+00
0000000002075              1.909968E+00
0000000002076              1.904208E+00
0000000002077              1.897072E+00
0000000002078              1.891355E+00
0000000002079              1.884262E+00
0000000002080              1.878586E+00
0000000002081              1.872912E+00
0000000002082              1.865903E+00
0000000002083              1.860271E+00
0000000002084              1.853305E+00
0000000002085              1.847713E+00
0000000002086              1.840791E+00
0000000002087              1.835241E+00
0000000002088              1.828360E+00
0000000002089              1.822851E+00
0000000002090              1.816012E+00
0000000002091              1.810544E+00
0000000002092              1.803747E+00
0000000002093              1.798319E+00
0000000002094              1.791564E+00
0000000002095              1.786175E+00
0000000002096              1.780787E+00
0000000002097              1.774113E+00
0000000002098              1.768765E+00
0000000002099              1.762131E+00
0000000002100              1.756822E+00
0000000002101              1.750229E+00
0000000002102              1.744959E+00
0000000002103              1.738407E+00
0000000002104              1.733176E+00
0000000002105              1.726664E+00
0000000002106              1.721471E+00
0000000002107              1.714999E+00
0000000002108              1.709845E+00
0000000002109              1.704692E+00
0000000002110              1.698296E+00
0000000002111              1.693181E+00
0000000002112              1.686825E+00
0000000002113              1.681747E+00
0000000002114              1.675430E+00
0000000002115              1.670390E+00
0000000002116              1.664112E+00
0000000002117              1.659108E+00
0000000002118              1.652869E+00
0000000002119              1.647903E+00
0000000002120              1.641702E+00
0000000002121              1.636772E+00
0000000002122              1.631842E+00
0000000002123              1.625715E+00
0000000002124              1.620822E+00
0000000002125              1.614733E+00
0000000002126              1.609876E+00
0000000002127              1.603824E+00
0000000002128              1.599003E+00
0000000002129              1.592987E+00
0000000002130              1.588202E+00
0000000002131              1.582224E+00
0000000002132              1.577474E+00
0000000002133              1.571532E+00
0000000002134              1.566817E+00
0000000002135              1.560912E+00
0000000002136              1.556231E+00
0000000002137              1.551552E+00
0000000002138              1.545717E+00
0000000002139              1.541072E+00
0000000002140              1.535273E+00
0000000002141              1.530661E+00
0000000002142              1.524899E+00
0000000002143              1.520321E+00
0000000002144              1.514594E+00
0000000002145              1.510050E+00
0000000002146              1.504358E+00
0000000002147              1.499848E+00
0000000002148              1.494190E+00
0000000002149              1.489713E+00
0000000002150              1.485237E+00
0000000002151              1.479647E+00
0000000002152              1.475203E+00
0000000002153              1.469648E+00
0000000002154              1.465237E+00
0000000002155              1.459716E+00
0000000002156              1.455337E+00
0000000002157              1.449850E+00
0000000002158              1.445504E+00
0000000002159              1.440050E+00
0000000002160              1.435736E+00
0000000002161              1.430316E+00
0000000002162              1.426034E+00
0000000002163              1.421752E+00
0000000002164              1.416397E+00
0000000002165              1.412147E+00
0000000002166              1.406824E+00
0000000002167              1.402605E+00
0000000002168              1.397315E+00
0000000002169              1.393127E+00
0000000002170              1.387870E+00
0000000002171              1.383713E+00
0000000002172              1.378488E+00
0000000002173              1.374361E+00
0000000002174              1.369169E+00
0000000002175              1.365073E+00
0000000002176              1.359912E+00
0000000002177              1.355846E+00
0000000002178              1.351781E+00
0000000002179              1.346681E+00
0000000002180              1.342646E+00
0000000002181              1.337578E+00
0000000002182              1.333572E+00
0000000002183              1.328536E+00
0000000002184              1.324559E+00
0000000002185              1.319553E+00
0000000002186              1.315607E+00
0000000002187              1.310631E+00
0000000002188              1.306714E+00
0000000002189              1.301769E+00
0000000002190              1.297881E+00
0000000002191              1.293992E+00
0000000002192              1.289106E+00
0000000002193              1.285246E+00
0000000002194              1.280391E+00
0000000002195              1.276559E+00
0000000002196              1.271734E+00
0000000002197              1.267931E+00
0000000002198              1.263134E+00
0000000002199              1.259359E+00
0000000002200              1.254593E+00
0000000002201              1.250846E+00
0000000002202              1.246109E+00
0000000002203              1.242389E+00
0000000002204              1.237681E+00
0000000002205              1.233989E+00
0000000002206              1.230297E+00
0000000002207              1.225645E+00
0000000002208              1.221980E+00
0000000002209              1.217357E+00
0000000002210              1.213719E+00
0000000002211              1.209125E+00
0000000002212              1.205514E+00
0000000002213              1.200947E+00
0000000002214              1.197363E+00
0000000002215              1.192825E+00
0000000002216              1.189267E+00
0000000002217              1.184756E+00
0000000002218              1.181225E+00
0000000002219              1.177693E+00
0000000002220              1.173237E+00
0000000002221              1.169731E+00
0000000002222              1.165302E+00
0000000002223              1.161823E+00
0000000002224              1.157421E+00
0000000002225              1.153967E+00
0000000002226              1.149592E+00
0000000002227              1.146164E+00
0000000002228              1.141816E+00
0000000002229              1.138413E+00
0000000002230              1.134092E+00
0000000002231              1.130714E+00
0000000002232              1.127336E+00
0000000002233              1.123066E+00
0000000002234              1.119713E+00
0000000002235              1.115470E+00
0000000002236              1.112142E+00
0000000002237              1.107925E+00
0000000002238              1.104621E+00
0000000002239              1.100430E+00
0000000002240              1.097151E+00
0000000002241              1.092985E+00
0000000002242              1.089730E+00
0000000002243              1.085590E+00
0000000002244              1.082359E+00
0000000002245              1.079129E+00
0000000002246              1.075038E+00
0000000002247              1.071831E+00
0000000002248              1.067766E+00
0000000002249              1.064582E+00
0000000002250              1.060543E+00
0000000002251              1.057382E+00
0000000002252              1.053368E+00
0000000002253              1.050231E+00
0000000002254              1.046240E+00
0000000002255              1.043127E+00
0000000002256              1.039161E+00
0000000002257              1.036071E+00
0000000002258              1.032129E+00
0000000002259              1.029062E+00
0000000002260              1.025994E+00
0000000002261              1.022100E+00
0000000002262              1.019054E+00
0000000002263              1.015184E+00
0000000002264              1.012161E+00
0000000002265              1.008315E+00
0000000002266              1.005315E+00
0000000002267              1.001492E+00
0000000002268              9.985138E-01
0000000002269              9.947149E-01
0000000002270              9.917585E-01
0000000002271              9.879828E-01
0000000002272              9.850487E-01
0000000002273              9.821141E-01
0000000002274              9.783838E-01
0000000002275              9.754707E-01
0000000002276              9.717632E-01
0000000002277              9.688718E-01
0000000002278              9.651870E-01
0000000002279              9.623170E-01
0000000002280              9.586551E-01
0000000002281              9.558064E-01
0000000002282              9.521667E-01
0000000002283              9.493391E-01
0000000002284              9.457222E-01
0000000002285              9.429154E-01
0000000002286              9.401084E-01
0000000002287              9.365347E-01
0000000002288              9.337485E-01
0000000002289              9.301968E-01
0000000002290              9.274309E-01
0000000002291              9.239011E-01
0000000002292              9.211560E-01
0000000002293              9.176479E-01
0000000002294              9.149230E-01
0000000002295              9.114365E-01
0000000002296              9.087318E-01
0000000002297              9.052668E-01
0000000002298              9.025820E-01
0000000002299              8.991383E-01  ESTADO ESTACIONRIO ALCANADO
  
A SIMULAO PREDIZ QUE O NMERO DE DIAS DA PANDEMIA SERIA:  2302.00 DIAS.
