           6          22   4.97258100E-07
           7          25   9.33895080E-07
           8          29   6.44632337E-07
           9          31   8.79565675E-07
          10          33   9.43968359E-07
          11          36   6.63164428E-07
          12          37   8.64116885E-07
          13          39   7.40505129E-07
          14          40   8.86428154E-07
          15          41   9.92257355E-07
          16          43   7.68141092E-07
          17          44   8.48419916E-07
          18          45   8.98730207E-07
          19          46   9.05163233E-07
          20          47   9.77829245E-07
          21          48   9.89578666E-07
          22          49   9.95070536E-07
          23          50   9.89861746E-07
          24          52   7.47320598E-07
          25          53   7.57474993E-07
          26          54   7.45929924E-07
          27          55   7.42860720E-07
          28          55   9.97018560E-07
          29          56   9.88265697E-07
          30          57   9.06745356E-07
          31          58   9.03293994E-07
          32          59   9.07328115E-07
          33          60   8.57332509E-07
          34          61   8.25095412E-07
          35          62   8.31027648E-07
          36          63   8.34591560E-07
          37          64   7.67870631E-07
          38          64   9.66440894E-07
          39          65   9.86346322E-07
          40          66   9.52504706E-07
          41          67   9.29708733E-07
          42          68   8.80691232E-07
          43          69   8.32639728E-07
          44          70   8.28886812E-07
          45          71   7.70018971E-07
          46          71   9.33236890E-07
          47          72   9.08306504E-07
          48          73   8.33982824E-07
          49          74   8.33559966E-07
          50          75   7.88830334E-07
          51          75   9.90752142E-07
          52          76   9.20035802E-07
          53          77   8.86054181E-07
          54          78   8.45188481E-07
          55          79   7.90532795E-07
          56          79   9.91570573E-07
          57          80   9.30763406E-07
          58          81   8.89089790E-07
          59          82   8.32876140E-07
          60          83   7.96810355E-07
          61          83   9.70167889E-07
          62          84   9.23627681E-07
          63          85   8.66704170E-07
          64          86   8.14901455E-07
          65          87   7.83617338E-07
          66          87   9.52267783E-07
          67          88   8.91359036E-07
          68          89   8.37371715E-07
          69          90   7.87292038E-07
          70          90   9.63673983E-07
          71          91   8.99890892E-07
          72          92   8.82258121E-07
          73          93   8.26297708E-07
          74          93   9.84867029E-07
          75          94   9.24845835E-07
          76          95   8.59908653E-07
          77          96   8.12023870E-07
          78          96   9.69529310E-07
          79          97   9.29050032E-07
          80          98   8.43337489E-07
          81          99   8.27781832E-07
          82          99   9.68364134E-07
          83         100   9.22870754E-07
          84         101   8.60820819E-07
          85         102   7.99422651E-07
          86         102   9.37313416E-07
          87         103   8.90119622E-07
          88         104   8.41803001E-07
          89         104   9.95659661E-07
          90         105   9.19380284E-07
          91         106   8.75168553E-07
          92         107   8.14206942E-07
          93         107   9.72388648E-07
          94         108   9.16991382E-07
          95         109   8.59788997E-07
          96         109   9.92872970E-07
          97         110   9.26829387E-07
          98         111   8.66428877E-07
          99         112   8.18666877E-07
         100         112   9.44261842E-07
         101         113   8.87198496E-07
         102         114   8.64839421E-07
         103         114   9.81036578E-07
         104         115   9.23983237E-07
         105         116   8.62692957E-07
         106         117   8.02401757E-07
         107         117   9.40823611E-07
         108         118   8.94710467E-07
         109         119   8.62999912E-07
         110         119   9.66984203E-07
         111         120   8.96294807E-07
         112         121   8.34123398E-07
         113         121   9.74220143E-07
         114         122   9.36950585E-07
         115         123   8.58883311E-07
         116         123   9.96828703E-07
         117         124   9.40277062E-07
         118         125   8.86514158E-07
         119         126   8.34861339E-07
         120         126   9.58439159E-07
         121         127   9.00050622E-07
         122         128   8.58963233E-07
         123         128   9.77727154E-07
         124         129   9.21801018E-07
         125         130   8.57951022E-07
         126         130   9.84672965E-07
         127         131   9.41335543E-07
         128         132   8.77390448E-07
         129         132   9.95597816E-07
         130         133   9.46511705E-07
         131         134   8.91390641E-07
         132         135   8.18786987E-07
         133         135   9.44346539E-07
         134         136   8.85850568E-07
         135         137   8.44375165E-07
         136         137   9.65790605E-07
         137         138   9.06915545E-07
         138         139   8.51824211E-07
         139         139   9.60481430E-07
         140         140   9.03095611E-07
         141         141   8.56218264E-07
         142         141   9.66345283E-07
         143         142   8.96083009E-07
         144         143   8.47469892E-07
         145         143   9.57271936E-07
         146         144   8.91372622E-07
         147         145   8.55144663E-07
         148         145   9.69258394E-07
         149         146   9.07095227E-07
         150         147   8.61762942E-07
         151         147   9.65438289E-07
         152         148   9.33248884E-07
         153         149   8.74868078E-07
         154         149   9.83709356E-07
         155         150   9.13299857E-07
         156         151   8.79223819E-07
         157         151   9.73476972E-07
         158         152   9.15106682E-07
         159         153   8.52814310E-07
         160         153   9.71524287E-07
         161         154   9.24440201E-07
         162         155   8.45075192E-07
         163         155   9.57491807E-07
         164         156   8.99753729E-07
         165         157   8.61029491E-07
         166         157   9.52266475E-07
         167         158   8.95712560E-07
         168         159   8.54983341E-07
         169         159   9.59687327E-07
         170         160   9.17992850E-07
         171         161   8.66360551E-07
         172         161   9.57423367E-07
         173         162   9.14086229E-07
         174         163   8.55495159E-07
         175         163   9.49271453E-07
         176         164   8.87419219E-07
         177         165   8.39754705E-07
         178         165   9.51742948E-07
         179         166   8.94736274E-07
         180         166   9.90646072E-07
         181         167   9.36204572E-07
         182         168   8.76466061E-07
         183         168   9.74259592E-07
         184         169   9.36231231E-07
         185         170   8.62764011E-07
         186         170   9.68763629E-07
         187         171   9.24700828E-07
         188         172   8.68554139E-07
         189         172   9.72939461E-07
         190         173   9.16614226E-07
         191         174   8.60635964E-07
         192         174   9.68634254E-07
         193         175   9.11699544E-07
         194         176   8.63154526E-07
         195         176   9.57809561E-07
         196         177   9.16304259E-07
         197         178   8.69579367E-07
         198         178   9.55408041E-07
         199         179   9.03397222E-07
         200         180   8.45955697E-07
         201         180   9.43855525E-07
         202         181   8.98839914E-07
         203         181   9.87380531E-07
         204         182   9.30612543E-07
         205         183   8.78232754E-07
         206         183   9.65556069E-07
         207         184   9.09317748E-07
         208         184   9.97745929E-07
         209         185   9.68748168E-07
         210         186   8.99715644E-07
         211         186   9.88726470E-07
         212         187   9.45179011E-07
         213         188   9.08962136E-07
         214         189   8.46838077E-07
         215         189   9.32324156E-07
         216         190   8.89955686E-07
         217         190   9.77112791E-07
         218         191   9.25782558E-07
         219         192   8.74544298E-07
         220         192   9.77937248E-07
         221         193   8.98839744E-07
         222         194   8.60356295E-07
         223         194   9.60677880E-07
         224         195   8.93113224E-07
         225         195   9.82425604E-07
         226         196   9.29921498E-07
         227         197   8.86888245E-07
         228         197   9.76408046E-07
         229         198   9.25770507E-07
         230         199   8.83130667E-07
         231         199   9.64379410E-07
         232         200   9.08135803E-07
         233         200   9.92336140E-07
         234         201   9.45593285E-07
         235         202   8.88494924E-07
         236         202   9.82337156E-07
         237         203   9.30448891E-07
         238         204   8.87250849E-07
         239         204   9.78143134E-07
         240         205   9.07682193E-07
         241         206   8.73142710E-07
         242         206   9.51423601E-07
         243         207   9.09410346E-07
         244         208   8.53140421E-07
         245         208   9.47518402E-07
         246         209   8.96014456E-07
         247         209   9.83916038E-07
         248         210   9.17124737E-07
         249         211   8.76049683E-07
         250         211   9.57471684E-07
         251         212   9.08114885E-07
         252         212   9.86437499E-07
         253         213   9.43558973E-07
         254         214   8.93102538E-07
         255         214   9.82410597E-07
         256         215   9.20553418E-07
         257         216   8.77126752E-07
         258         216   9.66360744E-07
         259         217   9.09795915E-07
         260         218   8.61366573E-07
         261         218   9.53409540E-07
         262         219   8.90490412E-07
         263         219   9.74286763E-07
         264         220   9.19229308E-07
         265         221   8.79523213E-07
         266         221   9.66629614E-07
         267         222   9.10629126E-07
         268         223   8.47485410E-07
         269         223   9.37418747E-07
         270         224   8.94834557E-07
         271         224   9.84883968E-07
         272         225   9.23926791E-07
         273         226   8.70986980E-07
         274         226   9.53561027E-07
         275         227   8.96564359E-07
         276         227   9.75823468E-07
         277         228   9.29740168E-07
         278         229   8.81192591E-07
         279         229   9.65749109E-07
         280         230   9.14841905E-07
         281         230   9.96863264E-07
         282         231   9.46409841E-07
         283         232   8.93016590E-07
         284         232   9.70323072E-07
         285         233   9.38296751E-07
         286         234   8.82801942E-07
         287         234   9.77927812E-07
         288         235   9.08081972E-07
         289         235   9.88176453E-07
         290         236   9.42934150E-07
         291         237   8.88312911E-07
         292         237   9.68618906E-07
         293         238   9.25011648E-07
         294         239   8.76390175E-07
         295         239   9.54356210E-07
         296         240   9.14450197E-07
         297         240   9.87991712E-07
         298         241   9.37183927E-07
         299         242   8.87268925E-07
         300         242   9.68268978E-07
         301         243   9.11749055E-07
         302         243   9.90575700E-07
         303         244   9.41962696E-07
         304         245   8.90855688E-07
         305         245   9.77328000E-07
         306         246   9.23169523E-07
         307         247   8.80094490E-07
         308         247   9.53123958E-07
         309         248   9.13360907E-07
         310         248   9.90483500E-07
         311         249   9.39099948E-07
         312         250   8.78301307E-07
         313         250   9.58047053E-07
         314         251   9.16948181E-07
         315         251   9.85998327E-07
         316         252   9.45408999E-07
         317         253   9.09816265E-07
         318         253   9.78558660E-07
         319         254   9.25523068E-07
         320         255   8.74686464E-07
         321         255   9.48740194E-07
         322         256   9.06633716E-07
         323         256   9.83373297E-07
         324         257   9.29658711E-07
         325         258   8.84195970E-07
         326         258   9.62102945E-07
         327         259   9.09219807E-07
         328         259   9.88706233E-07
         329         260   9.43374687E-07
         330         261   8.93597417E-07
         331         261   9.73885449E-07
         332         262   9.20656078E-07
         333         263   8.83206553E-07
         334         263   9.56584927E-07
         335         264   9.03427178E-07
         336         264   9.73370220E-07
         337         265   9.27858764E-07
         338         266   8.81390633E-07
         339         266   9.55065502E-07
         340         267   9.06034359E-07
         341         267   9.88300826E-07
         342         268   9.34969023E-07
         343         269   8.90998990E-07
         344         269   9.58140618E-07
         345         270   9.05768388E-07
         346         270   9.80873210E-07
         347         271   9.39481254E-07
         348         272   8.92335606E-07
         349         272   9.70208021E-07
         350         273   9.18564353E-07
         351         273   9.97784014E-07
         352         274   9.44455678E-07
         353         275   8.88739237E-07
         354         275   9.69288294E-07
         355         276   9.28003487E-07
         356         277   8.78000719E-07
         357         277   9.48542208E-07
         358         278   8.97490850E-07
         359         278   9.73302917E-07
         360         279   9.26552161E-07
         361         279   9.99285589E-07
         362         280   9.57383122E-07
         363         281   9.10392885E-07
         364         281   9.82795882E-07
         365         282   9.35530238E-07
         366         283   8.86200382E-07
         367         283   9.54952043E-07
         368         284   9.16790100E-07
         369         284   9.84971962E-07
         370         285   9.40668315E-07
         371         286   8.82202698E-07
         372         286   9.61795536E-07
         373         287   9.18588796E-07
         374         287   9.94175025E-07
         375         288   9.50173217E-07
         376         289   9.00956763E-07
         377         289   9.67022629E-07
         378         290   9.27452561E-07
         379         291   8.73567501E-07
         380         291   9.55983865E-07
         381         292   9.05493948E-07
         382         292   9.79194169E-07
         383         293   9.21613321E-07
         384         294   8.73506849E-07
         385         294   9.49465232E-07
         386         295   9.06228138E-07
         387         295   9.78593789E-07
         388         296   9.26482301E-07
         389         297   8.77260334E-07
         390         297   9.52990945E-07
         391         298   9.05657942E-07
         392         298   9.77722948E-07
         393         299   9.27816814E-07
         394         300   8.85181919E-07
         395         300   9.54173515E-07
         396         301   9.14930808E-07
         397         301   9.80147206E-07
         398         302   9.33309877E-07
         399         303   8.91533546E-07
         400         303   9.63193543E-07
         401         304   9.14137900E-07
         402         304   9.79391530E-07
         403         305   9.35111700E-07
         404         306   8.88892771E-07
         405         306   9.59547720E-07
         406         307   9.11655206E-07
         407         307   9.84316785E-07
         408         308   9.36336278E-07
         409         309   8.96649453E-07
         410         309   9.66193170E-07
         411         310   9.21951198E-07
         412         310   9.95768346E-07
         413         311   9.46153648E-07
         414         312   8.93968718E-07
         415         312   9.61554179E-07
         416         313   9.18437365E-07
         417         313   9.86744340E-07
         418         314   9.39648828E-07
         419         315   9.07211586E-07
         420         315   9.67513074E-07
         421         316   9.16759063E-07
         422         316   9.88493412E-07
         423         317   9.42954443E-07
         424         318   9.01819362E-07
         425         318   9.71410714E-07
         426         319   9.19699573E-07
         427         319   9.89645514E-07
         428         320   9.47580247E-07
         429         321   9.03167347E-07
         430         321   9.71299642E-07
         431         322   9.20519142E-07
         432         322   9.93121944E-07
         433         323   9.40907853E-07
         434         324   8.99742986E-07
         435         324   9.65639515E-07
         436         325   9.20660568E-07
         437         325   9.91170396E-07
         438         326   9.42649876E-07
         439         327   9.05526917E-07
         440         327   9.67246820E-07
         441         328   9.22596200E-07
         442         328   9.91584443E-07
         443         329   9.48827676E-07
         444         330   9.01772751E-07
         445         330   9.72457656E-07
         446         331   9.23803327E-07
         447         331   9.91700745E-07
         448         332   9.46100727E-07
         449         333   9.04022670E-07
         450         333   9.69947791E-07
         451         334   9.23847040E-07
         452         334   9.90568537E-07
         453         335   9.39132690E-07
         454         336   8.97521488E-07
         455         336   9.64690912E-07
         456         337   9.22894969E-07
         457         337   9.92934133E-07
         458         338   9.46230614E-07
         459         339   9.03678995E-07
         460         339   9.74084287E-07
         461         340   9.26869120E-07
         462         340   9.91381853E-07
         463         341   9.46739192E-07
         464         342   8.95628375E-07
         465         342   9.61392630E-07
         466         343   9.20246805E-07
         467         343   9.90334911E-07
         468         344   9.48054094E-07
         469         345   8.99146698E-07
         470         345   9.64196602E-07
         471         346   9.22368031E-07
         472         346   9.87119165E-07
         473         347   9.44175383E-07
         474         348   8.98021199E-07
         475         348   9.57996804E-07
         476         349   9.17430043E-07
         477         349   9.83287237E-07
         478         350   9.42387032E-07
         479         351   8.99889358E-07
         480         351   9.61917635E-07
         481         352   9.21698302E-07
         482         352   9.84655344E-07
         483         353   9.42045972E-07
         484         354   8.95933056E-07
         485         354   9.57146312E-07
         486         355   9.20757145E-07
         487         355   9.84523581E-07
         488         356   9.37802838E-07
         489         357   8.96527865E-07
         490         357   9.59791919E-07
         491         358   9.17420323E-07
         492         358   9.82636266E-07
         493         359   9.33763317E-07
         494         359   9.97958296E-07
         495         360   9.57993961E-07
         496         361   9.13420877E-07
         497         361   9.74129534E-07
         498         362   9.32819546E-07
         499         362   9.96907488E-07
         500         363   9.57938482E-07
         501         364   9.13405813E-07
         502         364   9.72129669E-07
         503         365   9.34281900E-07
         504         365   9.92867172E-07
         505         366   9.50320953E-07
         506         367   9.08396203E-07
         507         367   9.70327619E-07
         508         368   9.27495194E-07
         509         368   9.91616503E-07
         510         369   9.46384148E-07
         511         370   9.09196899E-07
         512         370   9.67089704E-07
         513         371   9.25297229E-07
         514         371   9.88254897E-07
         515         372   9.41998849E-07
         516         373   9.02022407E-07
         517         373   9.61811224E-07
         518         374   9.20047967E-07
         519         374   9.80905270E-07
         520         375   9.40728000E-07
         521         376   8.95318578E-07
         522         376   9.53237816E-07
         523         377   9.19486240E-07
         524         377   9.82469373E-07
         525         378   9.39492111E-07
         526         378   9.98187829E-07
         527         379   9.56753524E-07
         528         380   9.16933629E-07
         529         380   9.72168550E-07
         530         381   9.34376942E-07
         531         381   9.97994562E-07
         532         382   9.52000164E-07
         533         383   9.07386834E-07
         534         383   9.67331857E-07
         535         384   9.27508040E-07
         536         384   9.87754674E-07
         537         385   9.48138393E-07
         538         386   9.07872277E-07
         539         386   9.69201210E-07
         540         387   9.25932113E-07
         541         387   9.83132850E-07
         542         388   9.43323812E-07
         543         389   8.98614815E-07
         544         389   9.60958459E-07
         545         390   9.19382899E-07
         546         390   9.79391075E-07
         547         391   9.37234120E-07
         548         391   9.96021299E-07
         549         392   9.52800065E-07
         550         393   9.15883675E-07
         551         393   9.78371418E-07
         552         394   9.29509270E-07
         553         394   9.90554327E-07
         554         395   9.47893284E-07
         555         396   9.10625317E-07
         556         396   9.71368991E-07
         557         397   9.30621070E-07
         558         397   9.88530701E-07
         559         398   9.45781835E-07
         560         399   9.08239144E-07
         561         399   9.65809136E-07
         562         400   9.20734067E-07
         563         400   9.80291247E-07
         564         401   9.41314624E-07
         565         402   8.97559801E-07
         566         402   9.57679958E-07
         567         403   9.16198360E-07
         568         403   9.75096100E-07
         569         404   9.39737731E-07
         570         404   9.98028099E-07
         571         405   9.50987612E-07
         572         406   9.09979917E-07
         573         406   9.68232257E-07
         574         407   9.26971154E-07
         575         407   9.87238082E-07
         576         408   9.45095394E-07
         577         409   9.06949083E-07
         578         409   9.66400194E-07
         579         410   9.22084780E-07
         580         410   9.80948926E-07
         581         411   9.39375354E-07
         582         412   9.05186994E-07
         583         412   9.61469595E-07
         584         413   9.22407196E-07
         585         413   9.76526962E-07
         586         414   9.36918354E-07
         587         414   9.92429364E-07
         588         415   9.56885742E-07
         589         416   9.09840594E-07
         590         416   9.67055144E-07
         591         417   9.32117871E-07
         592         417   9.86078362E-07
         593         418   9.48168349E-07
         594         419   9.08392110E-07
         595         419   9.65063691E-07
         596         420   9.25777044E-07
         597         420   9.86706823E-07
         598         421   9.40934740E-07
         599         421   9.98524001E-07
         600         422   9.55252176E-07
         601         423   9.20431717E-07
         602         423   9.76490696E-07
         603         424   9.32687669E-07
         604         424   9.91143111E-07
         605         425   9.49902528E-07
         606         426   9.14559848E-07
         607         426   9.71635814E-07
         608         427   9.31709906E-07
         609         427   9.88516149E-07
         610         428   9.48612296E-07
         611         429   9.09094751E-07
         612         429   9.62234253E-07
         613         430   9.21802723E-07
         614         430   9.75461262E-07
         615         431   9.41625046E-07
         616         431   9.97241614E-07
         617         432   9.53088659E-07
         618         433   9.14887096E-07
         619         433   9.72729708E-07
         620         434   9.32564433E-07
         621         434   9.87695671E-07
         622         435   9.52195876E-07
         623         436   9.07967490E-07
         624         436   9.64299943E-07
         625         437   9.27612689E-07
         626         437   9.79515562E-07
         627         438   9.36330935E-07
         628         438   9.95487881E-07
         629         439   9.57236807E-07
         630         440   9.18806677E-07
         631         440   9.72509042E-07
         632         441   9.32092746E-07
         633         441   9.87666112E-07
         634         442   9.51648531E-07
         635         443   9.10538461E-07
         636         443   9.64515948E-07
         637         444   9.27005146E-07
         638         444   9.80937443E-07
         639         445   9.38786798E-07
         640         445   9.93532694E-07
         641         446   9.58200530E-07
         642         447   9.19320200E-07
         643         447   9.72476528E-07
         644         448   9.32039086E-07
         645         448   9.87796625E-07
         646         449   9.50546621E-07
         647         450   9.13187591E-07
         648         450   9.64230594E-07
         649         451   9.27667941E-07
         650         451   9.82318852E-07
         651         452   9.45968623E-07
         652         452   9.99894837E-07
         653         453   9.56948384E-07
         654         454   9.20024775E-07
         655         454   9.71862050E-07
         656         455   9.32760031E-07
         657         455   9.89407454E-07
         658         456   9.47713431E-07
         659         457   9.09594803E-07
         660         457   9.61972546E-07
         661         458   9.24742494E-07
         662         458   9.80771802E-07
         663         459   9.39802248E-07
         664         459   9.94655011E-07
         665         460   9.57630618E-07
         666         461   9.18299691E-07
         667         461   9.71267355E-07
         668         462   9.31896750E-07
         669         462   9.86300506E-07
         670         463   9.47932676E-07
         671         464   9.14048826E-07
         672         464   9.66758876E-07
         673         465   9.22936067E-07
         674         465   9.77669742E-07
         675         466   9.38713754E-07
         676         466   9.92129003E-07
         677         467   9.54117922E-07
         678         468   9.17856596E-07
         679         468   9.68319227E-07
         680         469   9.30203498E-07
         681         469   9.82549409E-07
         682         470   9.43099735E-07
         683         470   9.98486826E-07
         684         471   9.60882858E-07
         685         472   9.22914921E-07
         686         472   9.74084969E-07
         687         473   9.36295521E-07
         688         473   9.90599688E-07
         689         474   9.50440949E-07
         690         475   9.14563316E-07
         691         475   9.66355742E-07
         692         476   9.26010841E-07
         693         476   9.79917104E-07
         694         477   9.41481744E-07
         695         477   9.93131948E-07
         696         478   9.56613576E-07
         697         479   9.19834008E-07
         698         479   9.73554847E-07
         699         480   9.31559782E-07
         700         480   9.83865561E-07
         701         481   9.45694865E-07
         702         481   9.99359031E-07
         703         482   9.56950998E-07
         704         483   9.24557412E-07
         705         483   9.75552666E-07
         706         484   9.38902588E-07
         707         484   9.90690978E-07
         708         485   9.51081631E-07
         709         486   9.13604595E-07
         710         486   9.63579851E-07
         711         487   9.30911710E-07
         712         487   9.82317147E-07
         713         488   9.41889141E-07
         714         488   9.92623313E-07
         715         489   9.55571977E-07
         716         490   9.19395291E-07
         717         490   9.70559199E-07
         718         491   9.33323179E-07
         719         491   9.84426265E-07
         720         492   9.47097476E-07
         721         492   9.98430210E-07
         722         493   9.57863108E-07
         723         494   9.24669962E-07
         724         494   9.73639203E-07
         725         495   9.37480763E-07
         726         495   9.90041030E-07
         727         496   9.50650133E-07
         728         497   9.12410314E-07
         729         497   9.63241973E-07
         730         498   9.28636553E-07
         731         498   9.77468744E-07
         732         499   9.41313942E-07
         733         499   9.92684249E-07
         734         500   9.51223058E-07
         735         501   9.18296280E-07
         736         501   9.66153152E-07
         737         502   9.30658643E-07
         738         502   9.80996106E-07
         739         503   9.41304165E-07
         740         503   9.93593289E-07
         741         504   9.57207135E-07
         742         505   9.20685920E-07
         743         505   9.71864438E-07
         744         506   9.35853905E-07
         745         506   9.83976747E-07
         746         507   9.46382443E-07
         747         507   9.96611561E-07
         748         508   9.60207217E-07
         749         509   9.25897098E-07
         750         509   9.74084855E-07
         751         510   9.34490572E-07
         752         510   9.84398980E-07
         753         511   9.51791890E-07
         754         512   9.14705993E-07
         755         512   9.63461730E-07
         756         513   9.31623333E-07
         757         513   9.78089929E-07
         758         514   9.38305391E-07
         759         514   9.88808551E-07
         760         515   9.52327582E-07
         761         516   9.19396200E-07
         762         516   9.66753419E-07
         763         517   9.33029469E-07
         764         517   9.82635697E-07
         765         518   9.44863643E-07
         766         518   9.94182869E-07
         767         519   9.52254311E-07
         768         520   9.20444222E-07
         769         520   9.68099243E-07
         770         521   9.26743212E-07
         771         521   9.76536057E-07
         772         522   9.41829228E-07
         773         522   9.93893650E-07
         774         523   9.54525490E-07
         775         524   9.20053253E-07
         776         524   9.68589347E-07
         777         525   9.34637683E-07
         778         525   9.83234713E-07
         779         526   9.46011653E-07
         780         526   9.94770289E-07
         781         527   9.59416639E-07
         782         528   9.22369111E-07
         783         528   9.71666282E-07
         784         529   9.31904651E-07
         785         529   9.82672759E-07
         786         530   9.48527884E-07
         787         530   9.96168751E-07
         788         531   9.62743343E-07
         789         532   9.23901609E-07
         790         532   9.71783265E-07
         791         533   9.37333596E-07
         792         533   9.84577014E-07
         793         534   9.47422450E-07
         794         534   9.95711048E-07
         795         535   9.61445153E-07
         796         536   9.22835170E-07
         797         536   9.70606607E-07
         798         537   9.39052597E-07
         799         537   9.85343036E-07
         800         538   9.47137266E-07
         801         538   9.95824962E-07
         802         539   9.63248681E-07
         803         540   9.24880112E-07
         804         540   9.72855560E-07
         805         541   9.35528590E-07
         806         541   9.83004384E-07
         807         542   9.49699313E-07
         808         542   9.99309009E-07
         809         543   9.59877752E-07
         810         544   9.24999370E-07
         811         544   9.72593512E-07
         812         545   9.37899017E-07
         813         545   9.84127723E-07
         814         546   9.49050900E-07
         815         546   9.97534357E-07
         816         547   9.58691999E-07
         817         548   9.24504945E-07
         818         548   9.73392503E-07
         819         549   9.36948197E-07
         820         549   9.87037652E-07
         821         550   9.50605397E-07
         822         550   9.97826874E-07
         823         551   9.61935143E-07
         824         552   9.24708274E-07
         825         552   9.72003477E-07
         826         553   9.37292384E-07
         827         553   9.85816087E-07
         828         554   9.51466063E-07
         829         554   9.98639507E-07
         830         555   9.58705414E-07
         831         556   9.23609377E-07
         832         556   9.72191515E-07
         833         557   9.37446316E-07
         834         557   9.83824521E-07
         835         558   9.49772186E-07
         836         558   9.95126356E-07
         837         559   9.60642751E-07
         838         560   9.23393145E-07
         839         560   9.70467113E-07
         840         561   9.36218726E-07
         841         561   9.84212988E-07
         842         562   9.49265427E-07
         843         562   9.95607820E-07
         844         563   9.59524982E-07
         845         564   9.26021926E-07
         846         564   9.72462203E-07
         847         565   9.35450998E-07
         848         565   9.82569190E-07
         849         566   9.47040007E-07
         850         566   9.94891934E-07
         851         567   9.58375836E-07
         852         568   9.24178266E-07
         853         568   9.70586825E-07
         854         569   9.32724504E-07
         855         569   9.80425057E-07
         856         570   9.43862176E-07
         857         570   9.91913339E-07
         858         571   9.59543513E-07
         859         572   9.24428889E-07
         860         572   9.70585120E-07
         861         573   9.33564820E-07
         862         573   9.78838216E-07
         863         574   9.43790610E-07
         864         574   9.90227363E-07
         865         575   9.57110956E-07
         866         576   9.21949550E-07
         867         576   9.68091399E-07
         868         577   9.30085491E-07
         869         577   9.76319143E-07
         870         578   9.42803808E-07
         871         578   9.89575483E-07
         872         579   9.52844232E-07
         873         580   9.19693150E-07
         874         580   9.65022082E-07
         875         581   9.30116073E-07
         876         581   9.75478770E-07
         877         582   9.42593942E-07
         878         582   9.86451369E-07
         879         583   9.51184404E-07
         880         584   9.17075624E-07
         881         584   9.62823947E-07
         882         585   9.29766713E-07
         883         585   9.73252668E-07
         884         586   9.35911714E-07
         885         586   9.82019060E-07
         886         587   9.47396188E-07
         887         587   9.94168431E-07
         888         588   9.58840815E-07
         889         589   9.24245342E-07
         890         589   9.70374685E-07
         891         590   9.37920333E-07
         892         590   9.85255724E-07
         893         591   9.43445684E-07
         894         591   9.89520572E-07
         895         592   9.57868451E-07
         896         593   9.22287541E-07
         897         593   9.67259552E-07
         898         594   9.35877608E-07
         899         594   9.80317736E-07
         900         595   9.42242366E-07
         901         595   9.89934620E-07
         902         596   9.53805966E-07
         903         597   9.21499293E-07
         904         597   9.66398943E-07
         905         598   9.30640624E-07
         906         598   9.75087914E-07
         907         599   9.41154269E-07
         908         599   9.86822670E-07
         909         600   9.54588586E-07
         910         600   9.99398253E-07
         911         601   9.62295076E-07
         912         602   9.30672286E-07
         913         602   9.74779027E-07
         914         603   9.38422431E-07
         915         603   9.83094083E-07
         916         604   9.49524576E-07
         917         604   9.94727088E-07
         918         605   9.58306600E-07
         919         606   9.25006475E-07
         920         606   9.69109806E-07
         921         607   9.37603602E-07
         922         607   9.80305003E-07
         923         608   9.45885802E-07
         924         608   9.90361173E-07
         925         609   9.56420081E-07
         926         610   9.21778394E-07
         927         610   9.66174525E-07
         928         611   9.30889030E-07
         929         611   9.74368277E-07
         930         612   9.44437147E-07
         931         612   9.87627345E-07
         932         613   9.53100312E-07
         933         613   9.97676352E-07
         934         614   9.63307684E-07
         935         615   9.30373517E-07
         936         615   9.74578370E-07
         937         616   9.37933009E-07
         938         616   9.83132622E-07
         939         617   9.50972378E-07
         940         617   9.96341896E-07
         941         618   9.60572038E-07
         942         619   9.25900224E-07
         943         619   9.68493282E-07
         944         620   9.35378750E-07
         945         620   9.79145511E-07
         946         621   9.45370289E-07
         947         621   9.88871875E-07
         948         622   9.54980578E-07
         949         622   9.98506380E-07
         950         623   9.64148285E-07
         951         624   9.30506474E-07
         952         624   9.74330192E-07
         953         625   9.42224517E-07
         954         625   9.84167514E-07
         955         626   9.50398487E-07
         956         626   9.95775167E-07
         957         627   9.61354999E-07
         958         628   9.27658732E-07
         959         628   9.69896632E-07
         960         629   9.36397669E-07
         961         629   9.79490665E-07
         962         630   9.48080469E-07
         963         630   9.91801357E-07
         964         631   9.56441227E-07
         965         632   9.23542132E-07
         966         632   9.65962954E-07
         967         633   9.35483229E-07
         968         633   9.78243634E-07
         969         634   9.43918678E-07
         970         634   9.88693273E-07
         971         635   9.53447511E-07
         972         635   9.97589495E-07
         973         636   9.62349759E-07
         974         637   9.30957981E-07
         975         637   9.71747227E-07
         976         638   9.38829601E-07
         977         638   9.83091127E-07
         978         639   9.47572119E-07
         979         639   9.91296019E-07
         980         640   9.56065037E-07
         981         641   9.24397284E-07
         982         641   9.67145638E-07
         983         642   9.34658260E-07
         984         642   9.77277523E-07
         985         643   9.44513090E-07
         986         643   9.88145871E-07
         987         644   9.51928996E-07
         988         644   9.95014716E-07
         989         645   9.65150321E-07
         990         646   9.27670328E-07
         991         646   9.70792485E-07
         992         647   9.39371773E-07
         993         647   9.79988727E-07
         994         648   9.45937984E-07
         995         648   9.89356636E-07
         996         649   9.53861559E-07
         997         649   9.97326424E-07
         998         650   9.66860057E-07
         999         651   9.32177500E-07
        1000         651   9.73302463E-07
        1001         652   9.42722465E-07
        1002         652   9.85687620E-07
        1003         653   9.52193545E-07
        1004         653   9.95620553E-07
        1005         654   9.63304387E-07
        1006         655   9.29295993E-07
        1007         655   9.70570682E-07
        1008         656   9.35335095E-07
        1009         656   9.77070158E-07
        1010         657   9.47106514E-07
        1011         657   9.88484430E-07
        1012         658   9.54799816E-07
        1013         658   9.96203539E-07
        1014         659   9.63697630E-07
        1015         660   9.32378214E-07
        1016         660   9.73334181E-07
        1017         661   9.39102165E-07
        1018         661   9.81483822E-07
        1019         662   9.47497995E-07
        1020         662   9.89693717E-07
        1021         663   9.56806502E-07
        1022         664   9.27099336E-07
        1023         664   9.68209179E-07
        1024         665   9.36723723E-07
        1025         665   9.79282731E-07
        1026         666   9.44282874E-07
        1027         666   9.85496968E-07
        1028         667   9.54413963E-07
        1029         667   9.96936137E-07
        1030         668   9.60867965E-07
        1031         669   9.28191753E-07
        1032         669   9.70484621E-07
        1033         670   9.37404650E-07
        1034         670   9.78758976E-07
        1035         671   9.46710031E-07
        1036         671   9.88795023E-07
        1037         672   9.56364147E-07
        1038         673   9.24861013E-07
        1039         673   9.66994548E-07
        1040         674   9.32235082E-07
        1041         674   9.73116357E-07
        1042         675   9.43091493E-07
        1043         675   9.83649898E-07
        1044         676   9.49642754E-07
        1045         676   9.91093202E-07
        1046         677   9.58389251E-07
        1047         678   9.24237895E-07
        1048         678   9.66451580E-07
        1049         679   9.35893866E-07
        1050         679   9.76488309E-07
        1051         680   9.41826613E-07
        1052         680   9.83463792E-07
        1053         681   9.51427467E-07
        1054         681   9.93774961E-07
        1055         682   9.61232217E-07
        1056         683   9.28046120E-07
        1057         683   9.70114115E-07
        1058         684   9.36580363E-07
        1059         684   9.77947252E-07
        1060         685   9.46482203E-07
        1061         685   9.87689077E-07
        1062         686   9.55560836E-07
        1063         686   9.95857022E-07
        1064         687   9.61461410E-07
        1065         688   9.29462885E-07
        1066         688   9.70130486E-07
        1067         689   9.40231303E-07
        1068         689   9.80996674E-07
        1069         690   9.47606281E-07
        1070         690   9.89051387E-07
        1071         691   9.57230554E-07
        1072         691   9.97739676E-07
        1073         692   9.65867343E-07
        1074         693   9.32043179E-07
        1075         693   9.73100441E-07
        1076         694   9.40049176E-07
        1077         694   9.80565801E-07
        1078         695   9.50206925E-07
        1079         695   9.91544539E-07
        1080         696   9.58174155E-07
        1081         697   9.27964777E-07
        1082         697   9.67372330E-07
        1083         698   9.33506271E-07
        1084         698   9.75563353E-07
        1085         699   9.42023235E-07
        1086         699   9.82388997E-07
        1087         700   9.49354103E-07
        1088         700   9.91536808E-07
        1089         701   9.59183922E-07
        1090         702   9.27342569E-07
        1091         702   9.67126766E-07
        1092         703   9.36654999E-07
        1093         703   9.76472961E-07
        1094         704   9.43527823E-07
        1095         704   9.83911718E-07
        1096         705   9.52714913E-07
        1097         705   9.93603294E-07
        1098         706   9.59286240E-07
        1099         706   9.99765803E-07
        1100         707   9.67303208E-07
        1101         708   9.35150354E-07
        1102         708   9.76095066E-07
        1103         709   9.45016779E-07
        1104         709   9.85225256E-07
        1105         710   9.52942912E-07
        1106         710   9.94435368E-07
        1107         711   9.61114097E-07
        1108         712   9.28424072E-07
        1109         712   9.68880954E-07
        1110         713   9.38459209E-07
        1111         713   9.78369258E-07
        1112         714   9.45154625E-07
        1113         714   9.85168299E-07
        1114         715   9.53779363E-07
        1115         715   9.95978780E-07
        1116         716   9.62814738E-07
        1117         717   9.31838883E-07
        1118         717   9.71427312E-07
        1119         718   9.38802998E-07
        1120         718   9.78281832E-07
        1121         719   9.46782905E-07
        1122         719   9.86623832E-07
        1123         720   9.54314146E-07
        1124         720   9.95110327E-07
        1125         721   9.61876367E-07
        1126         722   9.32678176E-07
        1127         722   9.72514727E-07
        1128         723   9.39265476E-07
        1129         723   9.79811375E-07
        1130         724   9.47823139E-07
        1131         724   9.88434067E-07
        1132         725   9.56218059E-07
        1133         725   9.96697167E-07
        1134         726   9.64464789E-07
        1135         727   9.32446426E-07
        1136         727   9.70983479E-07
        1137         728   9.40843108E-07
        1138         728   9.80094342E-07
        1139         729   9.47476167E-07
        1140         729   9.85481506E-07
        1141         730   9.56433269E-07
        1142         730   9.97349957E-07
        1143         731   9.63029834E-07
        1144         732   9.35045819E-07
        1145         732   9.74454110E-07
        1146         733   9.40165364E-07
        1147         733   9.79776701E-07
        1148         734   9.46134094E-07
        1149         734   9.86404643E-07
        1150         735   9.55876772E-07
        1151         735   9.95563255E-07
        1152         736   9.62901936E-07
        1153         737   9.29554858E-07
        1154         737   9.69339567E-07
        1155         738   9.39050778E-07
        1156         738   9.79761467E-07
        1157         739   9.48539821E-07
        1158         739   9.87795602E-07
        1159         740   9.52816322E-07
        1160         740   9.93743470E-07
        1161         741   9.62602599E-07
        1162         742   9.31897546E-07
        1163         742   9.71502118E-07
        1164         743   9.39619838E-07
        1165         743   9.79376296E-07
        1166         744   9.46088676E-07
        1167         744   9.85489805E-07
        1168         745   9.53928748E-07
        1169         745   9.93192430E-07
        1170         746   9.62791773E-07
        1171         747   9.30275917E-07
        1172         747   9.69401867E-07
        1173         748   9.39273775E-07
        1174         748   9.79048082E-07
        1175         749   9.48428919E-07
        1176         749   9.87786734E-07
        1177         750   9.51028881E-07
        1178         750   9.91832508E-07
        1179         751   9.62007789E-07
        1180         752   9.31189049E-07
        1181         752   9.70063866E-07
        1182         753   9.38332391E-07
        1183         753   9.78186563E-07
        1184         754   9.45296222E-07
        1185         754   9.85115889E-07
        1186         755   9.53493100E-07
        1187         755   9.91855472E-07
        1188         756   9.60052603E-07
        1189         757   9.29645807E-07
        1190         757   9.67804112E-07
        1191         758   9.39592667E-07
        1192         758   9.78706339E-07
        1193         759   9.45448846E-07
        1194         759   9.85064958E-07
        1195         760   9.51355219E-07
        1196         760   9.91552611E-07
        1197         761   9.59497356E-07
        1198         761   9.98325504E-07
        1199         762   9.65493768E-07
        1200         763   9.36933475E-07
        1201         763   9.74885779E-07
        1202         764   9.44382691E-07
        1203         764   9.82393317E-07
        1204         765   9.51739594E-07
        1205         765   9.89238856E-07
        1206         766   9.60513489E-07
        1207         766   9.98293444E-07
        1208         767   9.67308779E-07
        1209         768   9.35279104E-07
        1210         768   9.74408067E-07
        1211         769   9.42246743E-07
        1212         769   9.81407652E-07
        1213         770   9.52821608E-07
        1214         770   9.91412094E-07
        1215         771   9.57275915E-07
        1216         771   9.94688662E-07
        1217         772   9.64498554E-07
        1218         773   9.34657010E-07
        1219         773   9.72477324E-07
        1220         774   9.40026780E-07
        1221         774   9.79154379E-07
        1222         775   9.47950866E-07
        1223         775   9.86248892E-07
        1224         776   9.56106192E-07
        1225         776   9.94389325E-07
        1226         777   9.62096351E-07
        1227         778   9.33200852E-07
        1228         778   9.70394012E-07
        1229         779   9.38633150E-07
        1230         779   9.76400202E-07
        1231         780   9.50298556E-07
        1232         780   9.88055149E-07
        1233         781   9.53407437E-07
        1234         781   9.93348863E-07
        1235         782   9.61722208E-07
        1236         783   9.31963996E-07
        1237         783   9.69039775E-07
        1238         784   9.37489119E-07
        1239         784   9.75987746E-07
        1240         785   9.44904400E-07
        1241         785   9.83095902E-07
        1242         786   9.51781089E-07
        1243         786   9.91300112E-07
        1244         787   9.60129114E-07
        1245         787   9.99137569E-07
        1246         788   9.66469770E-07
        1247         789   9.35574462E-07
        1248         789   9.73767783E-07
        1249         790   9.42599456E-07
        1250         790   9.79926426E-07
        1251         791   9.49583637E-07
        1252         791   9.85948532E-07
        1253         792   9.55717724E-07
        1254         792   9.93966978E-07
        1255         793   9.66156904E-07
        1256         794   9.33086483E-07
        1257         794   9.70630481E-07
        1258         795   9.41769542E-07
        1259         795   9.79395963E-07
        1260         796   9.47876458E-07
        1261         796   9.85620659E-07
        1262         797   9.54813345E-07
        1263         797   9.91835122E-07
        1264         798   9.63510274E-07
        1265         799   9.31891066E-07
        1266         799   9.69671419E-07
        1267         800   9.38155154E-07
        1268         800   9.76331989E-07
        1269         801   9.44928104E-07
        1270         801   9.83437189E-07
        1271         802   9.54080292E-07
        1272         802   9.91867864E-07
        1273         803   9.58916075E-07
        1274         803   9.98085625E-07
        1275         804   9.64784022E-07
        1276         805   9.35625678E-07
        1277         805   9.71723921E-07
        1278         806   9.43930559E-07
        1279         806   9.80838536E-07
        1280         807   9.50145989E-07
        1281         807   9.87463523E-07
        1282         808   9.57554903E-07
        1283         808   9.96073254E-07
        1284         809   9.63474804E-07
        1285         810   9.35823323E-07
        1286         810   9.72704697E-07
        1287         811   9.39619270E-07
        1288         811   9.76129854E-07
        1289         812   9.47652211E-07
        1290         812   9.83786208E-07
        1291         813   9.53690687E-07
        1292         813   9.91155162E-07
        1293         814   9.61047135E-07
        1294         814   9.98625751E-07
        1295         815   9.67236815E-07
        1296         816   9.38045332E-07
        1297         816   9.74447289E-07
        1298         817   9.44641954E-07
        1299         817   9.82932306E-07
        1300         818   9.51957816E-07
        1301         818   9.90324907E-07
        1302         819   9.60204488E-07
        1303         819   9.97420329E-07
        1304         820   9.67644951E-07
        1305         821   9.34663035E-07
        1306         821   9.71018949E-07
        1307         822   9.43217628E-07
        1308         822   9.78504318E-07
        1309         823   9.48641798E-07
        1310         823   9.86270379E-07
        1311         824   9.54596203E-07
        1312         824   9.91004185E-07
        1313         825   9.62215495E-07
        1314         825   9.99546842E-07
        1315         826   9.70941755E-07
        1316         827   9.40215330E-07
        1317         827   9.76735123E-07
        1318         828   9.45325439E-07
        1319         828   9.82574420E-07
        1320         829   9.52204061E-07
        1321         829   9.89788646E-07
        1322         830   9.58991336E-07
        1323         830   9.95474579E-07
        1324         831   9.65807089E-07
        1325         832   9.34209197E-07
        1326         832   9.71483587E-07
        1327         833   9.44026056E-07
        1328         833   9.81170615E-07
        1329         834   9.47737078E-07
        1330         834   9.85639531E-07
        1331         835   9.54706707E-07
        1332         835   9.91500769E-07
        1333         836   9.61702767E-07
        1334         836   9.97378038E-07
        1335         837   9.69671987E-07
        1336         838   9.39890697E-07
        1337         838   9.75620424E-07
        1338         839   9.46816954E-07
        1339         839   9.83340328E-07
        1340         840   9.54201937E-07
        1341         840   9.91205752E-07
        1342         841   9.61218007E-07
        1343         841   9.96692279E-07
        1344         842   9.67150413E-07
        1345         843   9.34288664E-07
        1346         843   9.69582629E-07
        1347         844   9.43709438E-07
        1348         844   9.81501557E-07
        1349         845   9.49945161E-07
        1350         845   9.85578822E-07
        1351         846   9.55453515E-07
        1352         846   9.91929141E-07
        1353         847   9.61436740E-07
        1354         847   9.97982852E-07
        1355         848   9.68665518E-07
        1356         849   9.37427558E-07
        1357         849   9.73144211E-07
        1358         850   9.46503917E-07
        1359         850   9.81922767E-07
        1360         851   9.52591563E-07
        1361         851   9.89571731E-07
        1362         852   9.57689963E-07
        1363         852   9.94472430E-07
        1364         853   9.65558229E-07
        1365         854   9.35654100E-07
        1366         854   9.70330348E-07
        1367         855   9.41969063E-07
        1368         855   9.78875505E-07
        1369         856   9.48187051E-07
        1370         856   9.83884661E-07
        1371         857   9.55442488E-07
        1372         857   9.92930609E-07
        1373         858   9.59132535E-07
        1374         858   9.96878271E-07
        1375         859   9.68942459E-07
        1376         860   9.35970320E-07
        1377         860   9.71584768E-07
        1378         861   9.43328871E-07
        1379         861   9.79678362E-07
        1380         862   9.48269587E-07
        1381         862   9.84807116E-07
        1382         863   9.54608254E-07
        1383         863   9.91588763E-07
        1384         864   9.62617946E-07
        1385         864   9.98108590E-07
        1386         865   9.68030349E-07
        1387         866   9.38565734E-07
        1388         866   9.74608042E-07
        1389         867   9.45414286E-07
        1390         867   9.79385732E-07
        1391         868   9.54231382E-07
        1392         868   9.90120611E-07
        1393         869   9.57866746E-07
        1394         869   9.94039397E-07
        1395         870   9.64421019E-07
        1396         870   9.99089139E-07
        1397         871   9.72291218E-07
        1398         872   9.40387338E-07
        1399         872   9.76333013E-07
        1400         873   9.48832167E-07
        1401         873   9.85390670E-07
        1402         874   9.55109726E-07
        1403         874   9.89534669E-07
        1404         875   9.62366016E-07
        1405         875   9.97180905E-07
        1406         876   9.67961455E-07
        1407         877   9.38651397E-07
        1408         877   9.73098849E-07
        1409         878   9.41857877E-07
        1410         878   9.77792979E-07
        1411         879   9.51675759E-07
        1412         879   9.87209660E-07
        1413         880   9.55776500E-07
        1414         880   9.91610364E-07
        1415         881   9.62757554E-07
        1416         881   9.99929171E-07
        1417         882   9.67682240E-07
        1418         883   9.40283599E-07
        1419         883   9.76295382E-07
        1420         884   9.45716977E-07
        1421         884   9.80658001E-07
        1422         885   9.52318146E-07
        1423         885   9.88467718E-07
        1424         886   9.57662564E-07
        1425         886   9.94800985E-07
        1426         887   9.63536081E-07
        1427         888   9.32911973E-07
        1428         888   9.68258064E-07
        1429         889   9.42103100E-07
        1430         889   9.77193395E-07
        1431         890   9.49046694E-07
        1432         890   9.84032113E-07
        1433         891   9.51715663E-07
        1434         891   9.87559361E-07
        1435         892   9.58044211E-07
        1436         892   9.95179448E-07
        1437         893   9.64634410E-07
        1438         894   9.36808192E-07
        1439         894   9.72229600E-07
        1440         895   9.41551832E-07
        1441         895   9.76482625E-07
        1442         896   9.49919524E-07
        1443         896   9.87278099E-07
        1444         897   9.55771611E-07
        1445         897   9.89510340E-07
        1446         898   9.61127853E-07
        1447         898   9.97511961E-07
        1448         899   9.65039135E-07
        1449         900   9.38134576E-07
        1450         900   9.73560645E-07
        1451         901   9.43275495E-07
        1452         901   9.78604362E-07
        1453         902   9.48630031E-07
        1454         902   9.84073495E-07
        1455         903   9.56316967E-07
        1456         903   9.91771572E-07
        1457         904   9.61169235E-07
        1458         904   9.96647259E-07
        1459         905   9.69349685E-07
        1460         906   9.38504911E-07
        1461         906   9.74101567E-07
        1462         907   9.46262901E-07
        1463         907   9.80593086E-07
        1464         908   9.52664379E-07
        1465         908   9.87975909E-07
        1466         909   9.54551297E-07
        1467         909   9.91923457E-07
        1468         910   9.64296419E-07
        1469         910   9.98536734E-07
        1470         911   9.69086841E-07
        1471         912   9.40462201E-07
        1472         912   9.74017894E-07
        1473         913   9.47462638E-07
        1474         913   9.82878646E-07
        1475         914   9.50023036E-07
        1476         914   9.85602924E-07
        1477         915   9.58578426E-07
        1478         915   9.93342383E-07
        1479         916   9.61284513E-07
        1480         916   9.96274480E-07
        1481         917   9.67980441E-07
        1482         918   9.40941504E-07
        1483         918   9.75404419E-07
        1484         919   9.47422279E-07
        1485         919   9.81830453E-07
        1486         920   9.51914103E-07
        1487         920   9.87144404E-07
        1488         921   9.58148576E-07
        1489         921   9.92548166E-07
        1490         922   9.66579478E-07
        1491         923   9.36310016E-07
        1492         923   9.71377972E-07
        1493         924   9.42884014E-07
        1494         924   9.78038656E-07
        1495         925   9.49167429E-07
        1496         925   9.82225288E-07
        1497         926   9.54774009E-07
        1498         926   9.88475904E-07
        1499         927   9.59654699E-07
        1500         927   9.94603056E-07
        1501         928   9.67395863E-07
        1502         929   9.35448611E-07
        1503         929   9.68852760E-07
        1504         930   9.41024894E-07
        1505         930   9.74815862E-07
        1506         931   9.47785509E-07
        1507         931   9.82663323E-07
        1508         932   9.53120093E-07
        1509         932   9.87669523E-07
        1510         933   9.61298156E-07
        1511         933   9.95069172E-07
        1512         934   9.65872005E-07
        1513         935   9.37247080E-07
        1514         935   9.70627298E-07
        1515         936   9.41206622E-07
        1516         936   9.75996272E-07
        1517         937   9.48001457E-07
        1518         937   9.83307700E-07
        1519         938   9.53213998E-07
        1520         938   9.87415660E-07
        1521         939   9.59253043E-07
        1522         939   9.94993684E-07
        1523         940   9.63043249E-07
        1524         940   9.98044470E-07
        1525         941   9.69882649E-07
        1526         942   9.41089013E-07
        1527         942   9.75102012E-07
        1528         943   9.47104809E-07
        1529         943   9.83430823E-07
        1530         944   9.52849120E-07
        1531         944   9.86889631E-07
        1532         945   9.57680868E-07
        1533         945   9.91399247E-07
        1534         946   9.65890308E-07
        1535         946   9.99569238E-07
        1536         947   9.71353870E-07
        1537         948   9.40639268E-07
        1538         948   9.74288696E-07
        1539         949   9.45434408E-07
        1540         949   9.81384346E-07
        1541         950   9.52662219E-07
        1542         950   9.87497629E-07
        1543         951   9.58858664E-07
        1544         951   9.92243031E-07
        1545         952   9.63360208E-07
        1546         952   9.98555493E-07
        1547         953   9.68986456E-07
        1548         954   9.42791132E-07
        1549         954   9.77172022E-07
        1550         955   9.45702709E-07
        1551         955   9.81295443E-07
        1552         956   9.51332538E-07
        1553         956   9.86143505E-07
        1554         957   9.58991791E-07
        1555         957   9.92274067E-07
        1556         958   9.65117238E-07
        1557         959   9.36944559E-07
        1558         959   9.70060682E-07
        1559         960   9.42782322E-07
        1560         960   9.76810043E-07
        1561         961   9.46788248E-07
        1562         961   9.81803510E-07
        1563         962   9.52716562E-07
        1564         962   9.86469672E-07
        1565         963   9.58094574E-07
        1566         963   9.92358991E-07
        1567         964   9.62410923E-07
        1568         964   9.96362019E-07
        1569         965   9.68366408E-07
        1570         966   9.40690768E-07
        1571         966   9.73314627E-07
        1572         967   9.47290175E-07
        1573         967   9.80823643E-07
        1574         968   9.50791446E-07
        1575         968   9.84044959E-07
        1576         969   9.58618898E-07
        1577         969   9.91557386E-07
        1578         970   9.61730279E-07
        1579         970   9.95119422E-07
        1580         971   9.67920869E-07
        1581         972   9.40329016E-07
        1582         972   9.73588044E-07
        1583         973   9.45259387E-07
        1584         973   9.77595846E-07
        1585         974   9.49437322E-07
        1586         974   9.83174687E-07
        1587         975   9.57758971E-07
        1588         975   9.92513947E-07
        1589         976   9.60202442E-07
        1590         976   9.94380798E-07
        1591         977   9.65285381E-07
        1592         977   9.99425765E-07
        1593         978   9.72198677E-07
        1594         979   9.43378780E-07
        1595         979   9.77027412E-07
        1596         980   9.50821800E-07
        1597         980   9.83431846E-07
        1598         981   9.55908263E-07
        1599         981   9.89441219E-07
        1600         982   9.62266995E-07
        1601         982   9.95199457E-07
        1602         983   9.63584171E-07
        1603         983   9.96954554E-07
        1604         984   9.71600002E-07
        1605         985   9.41795349E-07
        1606         985   9.73778356E-07
        1607         986   9.49141111E-07
        1608         986   9.84034955E-07
        1609         987   9.54910320E-07
        1610         987   9.89877890E-07
        1611         988   9.58083433E-07
        1612         988   9.91814545E-07
        1613         989   9.64455808E-07
        1614         989   9.98505925E-07
        1615         990   9.71573058E-07
        1616         991   9.40823270E-07
        1617         991   9.73556439E-07
        1618         992   9.49306980E-07
        1619         992   9.81970857E-07
        1620         993   9.55692371E-07
        1621         993   9.89350610E-07
        1622         994   9.58520218E-07
        1623         994   9.92185960E-07
        1624         995   9.64266064E-07
        1625         995   9.99544341E-07
        1626         996   9.71997224E-07
        1627         997   9.41561439E-07
        1628         997   9.75173066E-07
        1629         998   9.48275328E-07
        1630         998   9.80746677E-07
        1631         999   9.53791073E-07
        1632         999   9.87072781E-07
        1633        1000   9.57378688E-07
        1634        1000   9.90944613E-07
        1635        1001   9.62723448E-07
        1636        1001   9.96366111E-07
        1637        1002   9.70575798E-07
        1638        1003   9.40625284E-07
        1639        1003   9.72871703E-07
        1640        1004   9.47291312E-07
        1641        1004   9.78552634E-07
        1642        1005   9.51580034E-07
        1643        1005   9.84982762E-07
        1644        1006   9.56296390E-07
        1645        1006   9.90444050E-07
        1646        1007   9.61402861E-07
        1647        1007   9.94448214E-07
        1648        1008   9.65943173E-07
        1649        1008   9.98979658E-07
        1650        1009   9.70837732E-07
        1651        1010   9.43814314E-07
        1652        1010   9.76445335E-07
        1653        1011   9.49785601E-07
        1654        1011   9.84257099E-07
        1655        1012   9.57297289E-07
        1656        1012   9.88827310E-07
        1657        1013   9.58558871E-07
        1658        1013   9.92346486E-07
        1659        1014   9.62195372E-07
        1660        1014   9.96257427E-07
        1661        1015   9.68422569E-07
        1662        1016   9.42886913E-07
        1663        1016   9.75895773E-07
        1664        1017   9.47481055E-07
        1665        1017   9.79761239E-07
        1666        1018   9.51681329E-07
        1667        1018   9.85144197E-07
        1668        1019   9.56534336E-07
        1669        1019   9.88283091E-07
        1670        1020   9.62383979E-07
        1671        1020   9.95816663E-07
        1672        1021   9.68797622E-07
        1673        1022   9.41198266E-07
        1674        1022   9.72776093E-07
        1675        1023   9.43672262E-07
        1676        1023   9.76589831E-07
        1677        1024   9.51530069E-07
        1678        1024   9.82795541E-07
        1679        1025   9.55732503E-07
        1680        1025   9.88156444E-07
        1681        1026   9.58971555E-07
        1682        1026   9.92899800E-07
        1683        1027   9.65507866E-07
        1684        1027   9.98703626E-07
        1685        1028   9.71805321E-07
        1686        1029   9.42222698E-07
        1687        1029   9.73218789E-07
        1688        1030   9.50504955E-07
        1689        1030   9.82479833E-07
        1690        1031   9.52429275E-07
        1691        1031   9.85856559E-07
        1692        1032   9.60837838E-07
        1693        1032   9.93429580E-07
        1694        1033   9.63852358E-07
        1695        1033   9.97266284E-07
        1696        1034   9.70096266E-07
        1697        1035   9.41387100E-07
        1698        1035   9.71926852E-07
        1699        1036   9.46140688E-07
        1700        1036   9.79466449E-07
        1701        1037   9.52812798E-07
        1702        1037   9.85623387E-07
        1703        1038   9.59152885E-07
        1704        1038   9.92018613E-07
        1705        1039   9.60840225E-07
        1706        1039   9.94033712E-07
        1707        1040   9.67455890E-07
        1708        1041   9.39595907E-07
        1709        1041   9.72480166E-07
        1710        1042   9.45882618E-07
        1711        1042   9.77848117E-07
        1712        1043   9.52967468E-07
        1713        1043   9.86444547E-07
        1714        1044   9.55106884E-07
        1715        1044   9.88251486E-07
        1716        1045   9.60064995E-07
        1717        1045   9.93331355E-07
        1718        1046   9.64977517E-07
        1719        1046   9.96697736E-07
        1720        1047   9.71019176E-07
        1721        1048   9.43732459E-07
        1722        1048   9.77206469E-07
        1723        1049   9.47555861E-07
        1724        1049   9.80721325E-07
        1725        1050   9.50658603E-07
        1726        1050   9.84892154E-07
        1727        1051   9.57447014E-07
        1728        1051   9.89954970E-07
        1729        1052   9.62284162E-07
        1730        1052   9.96157155E-07
        1731        1053   9.68815129E-07
        1732        1054   9.40864538E-07
        1733        1054   9.71899794E-07
        1734        1055   9.46113630E-07
        1735        1055   9.78722483E-07
        1736        1056   9.49063747E-07
        1737        1056   9.81640255E-07
        1738        1057   9.52956839E-07
        1739        1057   9.85623728E-07
        1740        1058   9.60687203E-07
        1741        1058   9.93561116E-07
        1742        1059   9.65462164E-07
        1743        1059   9.98018550E-07
        1744        1060   9.67288997E-07
        1745        1061   9.45010015E-07
        1746        1061   9.76537308E-07
        1747        1062   9.47015906E-07
        1748        1062   9.79776701E-07
        1749        1063   9.51038373E-07
        1750        1063   9.82987217E-07
        1751        1064   9.58049213E-07
        1752        1064   9.90117314E-07
        1753        1065   9.61571459E-07
        1754        1065   9.93951630E-07
        1755        1066   9.66054472E-07
        1756        1066   9.98823907E-07
        1757        1067   9.71003033E-07
        1758        1068   9.46691671E-07
        1759        1068   9.79278070E-07
        1760        1069   9.47877140E-07
        1761        1069   9.80549203E-07
        1762        1070   9.55036626E-07
        1763        1070   9.87592330E-07
        1764        1071   9.59060230E-07
        1765        1071   9.92029868E-07
        1766        1072   9.64908168E-07
        1767        1072   9.97204779E-07
        1768        1073   9.69364010E-07
        1769        1074   9.43779639E-07
        1770        1074   9.74560635E-07
        1771        1075   9.48421871E-07
        1772        1075   9.79131755E-07
        1773        1076   9.52189964E-07
        1774        1076   9.84296662E-07
        1775        1077   9.59491445E-07
        1776        1077   9.91234515E-07
        1777        1078   9.63464117E-07
        1778        1078   9.95561663E-07
        1779        1079   9.66621769E-07
        1780        1079   9.98795713E-07
        1781        1080   9.73656029E-07
        1782        1081   9.43236273E-07
        1783        1081   9.75251169E-07
        1784        1082   9.50421281E-07
        1785        1082   9.82536108E-07
        1786        1083   9.52176322E-07
        1787        1083   9.85669772E-07
        1788        1084   9.60444595E-07
        1789        1084   9.93921390E-07
        1790        1085   9.62934223E-07
        1791        1085   9.95914775E-07
        1792        1086   9.71059535E-07
        1793        1087   9.40888526E-07
        1794        1087   9.73908300E-07
        1795        1088   9.47965532E-07
        1796        1088   9.79690981E-07
        1797        1089   9.49683454E-07
        1798        1089   9.81971084E-07
        1799        1090   9.57188831E-07
        1800        1090   9.88906322E-07
        1801        1091   9.61703222E-07
        1802        1091   9.94508014E-07
        1803        1092   9.65304821E-07
        1804        1092   9.98949417E-07
        1805        1093   9.70914243E-07
        1806        1094   9.45908880E-07
        1807        1094   9.76254910E-07
        1808        1095   9.49785090E-07
        1809        1095   9.82391157E-07
        1810        1096   9.55088126E-07
        1811        1096   9.87570729E-07
        1812        1097   9.56833333E-07
        1813        1097   9.89500563E-07
        1814        1098   9.64608034E-07
        1815        1098   9.96462859E-07
        1816        1099   9.68653239E-07
        1817        1099   9.99103463E-07
        1818        1100   9.74843260E-07
        1819        1101   9.46895284E-07
        1820        1101   9.79218044E-07
        1821        1102   9.52535629E-07
        1822        1102   9.83674909E-07
        1823        1103   9.55516384E-07
        1824        1103   9.86793225E-07
        1825        1104   9.59389695E-07
        1826        1104   9.91971547E-07
        1827        1105   9.66376660E-07
        1828        1105   9.99221015E-07
        1829        1106   9.69749181E-07
        1830        1107   9.46122782E-07
        1831        1107   9.78308663E-07
        1832        1108   9.46643638E-07
        1833        1108   9.79877996E-07
        1834        1109   9.53739345E-07
        1835        1109   9.85797556E-07
        1836        1110   9.57386533E-07
        1837        1110   9.88648935E-07
        1838        1111   9.65261393E-07
        1839        1111   9.96837798E-07
        1840        1112   9.67459300E-07
        1841        1112   9.98812311E-07
        1842        1113   9.73997544E-07
        1843        1114   9.44877854E-07
        1844        1114   9.77416107E-07
        1845        1115   9.51331060E-07
        1846        1115   9.82562256E-07
        1847        1116   9.58835244E-07
        1848        1116   9.89398700E-07
        1849        1117   9.60485863E-07
        1850        1117   9.91504066E-07
        1851        1118   9.63891466E-07
        1852        1118   9.95644655E-07
        1853        1119   9.68994300E-07
        1854        1120   9.43178350E-07
        1855        1120   9.73184001E-07
        1856        1121   9.48238551E-07
        1857        1121   9.78328103E-07
        1858        1122   9.52285575E-07
        1859        1122   9.83811674E-07
        1860        1123   9.53800964E-07
        1861        1123   9.85051315E-07
        1862        1124   9.58653118E-07
        1863        1124   9.90093440E-07
        1864        1125   9.62127046E-07
        1865        1125   9.93845674E-07
        1866        1126   9.70649580E-07
        1867        1127   9.42666361E-07
        1868        1127   9.74133968E-07
        1869        1128   9.47101626E-07
        1870        1128   9.78083904E-07
        1871        1129   9.49657590E-07
        1872        1129   9.80890718E-07
        1873        1130   9.54330517E-07
        1874        1130   9.86026748E-07
        1875        1131   9.59705176E-07
        1876        1131   9.91674710E-07
        1877        1132   9.67162350E-07
        1878        1132   9.98308792E-07
        1879        1133   9.69452003E-07
        1880        1134   9.42642600E-07
        1881        1134   9.73366696E-07
        1882        1135   9.48321713E-07
        1883        1135   9.79395281E-07
        1884        1136   9.50593517E-07
        1885        1136   9.81958010E-07
        1886        1137   9.55999667E-07
        1887        1137   9.87495810E-07
        1888        1138   9.63610660E-07
        1889        1138   9.93821004E-07
        1890        1139   9.65290724E-07
        1891        1139   9.97279813E-07
        1892        1140   9.70304086E-07
        1893        1141   9.44787303E-07
        1894        1141   9.75354737E-07
        1895        1142   9.48615821E-07
        1896        1142   9.80013624E-07
        1897        1143   9.49406740E-07
        1898        1143   9.81696303E-07
        1899        1144   9.60725743E-07
        1900        1144   9.91683919E-07
        1901        1145   9.61578280E-07
        1902        1145   9.94447191E-07
        1903        1146   9.68221457E-07
        1904        1146   9.99435315E-07
        1905        1147   9.70618657E-07
        1906        1148   9.45182762E-07
        1907        1148   9.78165872E-07
        1908        1149   9.48062677E-07
        1909        1149   9.80485652E-07
        1910        1150   9.56094482E-07
        1911        1150   9.87248654E-07
        1912        1151   9.57250904E-07
        1913        1151   9.89817522E-07
        1914        1152   9.64108835E-07
        1915        1152   9.95144774E-07
        1916        1153   9.69592065E-07
        1917        1154   9.43349562E-07
        1918        1154   9.75322678E-07
        1919        1155   9.46577984E-07
        1920        1155   9.77075047E-07
        1921        1156   9.53603774E-07
        1922        1156   9.85953534E-07
        1923        1157   9.54658390E-07
        1924        1157   9.85579845E-07
        1925        1158   9.58810801E-07
        1926        1158   9.89512273E-07
        1927        1159   9.65268555E-07
        1928        1159   9.97333245E-07
        1929        1160   9.69736789E-07
        1930        1161   9.44777696E-07
        1931        1161   9.77144509E-07
        1932        1162   9.48891454E-07
        1933        1162   9.79717242E-07
        1934        1163   9.52124310E-07
        1935        1163   9.83421842E-07
        1936        1164   9.56812073E-07
        1937        1164   9.87835620E-07
        1938        1165   9.63108505E-07
        1939        1165   9.95176606E-07
        1940        1166   9.67289452E-07
        1941        1166   9.97111783E-07
        1942        1167   9.68913355E-07
        1943        1168   9.44585850E-07
        1944        1168   9.75934086E-07
        1945        1169   9.46247269E-07
        1946        1169   9.76570732E-07
        1947        1170   9.54376219E-07
        1948        1170   9.84966846E-07
        1949        1171   9.58325018E-07
        1950        1171   9.90265335E-07
        1951        1172   9.64142032E-07
        1952        1172   9.93213348E-07
        1953        1173   9.63472644E-07
        1954        1173   9.95136588E-07
        1955        1174   9.71212330E-07
        1956        1175   9.42308588E-07
        1957        1175   9.72810767E-07
        1958        1176   9.49166122E-07
        1959        1176   9.79315018E-07
        1960        1177   9.52186269E-07
        1961        1177   9.81044309E-07
        1962        1178   9.57496468E-07
        1963        1178   9.87872568E-07
        1964        1179   9.60785201E-07
        1965        1179   9.93167305E-07
        1966        1180   9.68027962E-07
        1967        1180   9.98289693E-07
        1968        1181   9.68610152E-07
        1969        1182   9.44436124E-07
        1970        1182   9.73711622E-07
        1971        1183   9.48118554E-07
        1972        1183   9.77172363E-07
        1973        1184   9.54684538E-07
        1974        1184   9.84478902E-07
        1975        1185   9.57772045E-07
        1976        1185   9.89462819E-07
        1977        1186   9.60182319E-07
        1978        1186   9.91153797E-07
        1979        1187   9.64761853E-07
        1980        1187   9.96281301E-07
        1981        1188   9.69764642E-07
        1982        1189   9.42767485E-07
        1983        1189   9.73646593E-07
        1984        1190   9.49452897E-07
        1985        1190   9.80978939E-07
        1986        1191   9.54660322E-07
        1987        1191   9.85288807E-07
        1988        1192   9.56026042E-07
        1989        1192   9.87678618E-07
        1990        1193   9.60323064E-07
        1991        1193   9.90912213E-07
        1992        1194   9.67844130E-07
        1993        1194   9.99142117E-07
        1994        1195   9.70176643E-07
        1995        1196   9.45994088E-07
        1996        1196   9.76407932E-07
        1997        1197   9.49424987E-07
        1998        1197   9.79904144E-07
        1999        1198   9.54491611E-07
        2000        1198   9.84958092E-07
        2001        1199   9.57865950E-07
        2002        1199   9.88321972E-07
        2003        1200   9.64774131E-07
        2004        1200   9.94559628E-07
        2005        1201   9.71662075E-07
        2006        1202   9.43127191E-07
        2007        1202   9.72916382E-07
        2008        1203   9.45302418E-07
        2009        1203   9.75211151E-07
        2010        1204   9.50458627E-07
        2011        1204   9.81239737E-07
        2012        1205   9.55152132E-07
        2013        1205   9.86160103E-07
        2014        1206   9.57072189E-07
        2015        1206   9.87991143E-07
        2016        1207   9.65415097E-07
        2017        1207   9.95682399E-07
        2018        1208   9.68173026E-07
        2019        1208   9.98886662E-07
        2020        1209   9.72581006E-07
        2021        1210   9.45808495E-07
        2022        1210   9.77079026E-07
        2023        1211   9.50745971E-07
        2024        1211   9.78965659E-07
        2025        1212   9.56348572E-07
        2026        1212   9.86444434E-07
        2027        1213   9.59031468E-07
        2028        1213   9.89664727E-07
        2029        1214   9.62646482E-07
        2030        1214   9.93000526E-07
        2031        1215   9.66341759E-07
        2032        1215   9.97732172E-07
        2033        1216   9.71397981E-07
        2034        1217   9.47526246E-07
        2035        1217   9.75793910E-07
        2036        1218   9.52232881E-07
        2037        1218   9.82121378E-07
        2038        1219   9.54458301E-07
        2039        1219   9.84826670E-07
        2040        1220   9.57570819E-07
        2041        1220   9.88757961E-07
        2042        1221   9.61881597E-07
        2043        1221   9.93039066E-07
        2044        1222   9.67956794E-07
        2045        1222   9.97888492E-07
        2046        1223   9.70179826E-07
        2047        1224   9.48581430E-07
        2048        1224   9.78194862E-07
        2049        1225   9.50042477E-07
        2050        1225   9.80099230E-07
        2051        1226   9.53393510E-07
        2052        1226   9.84404096E-07
        2053        1227   9.58235773E-07
        2054        1227   9.89509090E-07
        2055        1228   9.65206141E-07
        2056        1228   9.94755851E-07
        2057        1229   9.67213850E-07
        2058        1229   9.98840278E-07
        2059        1230   9.71874897E-07
        2060        1231   9.45191289E-07
        2061        1231   9.74936711E-07
        2062        1232   9.49678792E-07
        2063        1232   9.79469519E-07
        2064        1233   9.53477922E-07
        2065        1233   9.83818154E-07
        2066        1234   9.56612325E-07
        2067        1234   9.86404075E-07
        2068        1235   9.63336902E-07
        2069        1235   9.94606580E-07
        2070        1236   9.67607434E-07
        2071        1236   9.98197379E-07
        2072        1237   9.70372753E-07
        2073        1238   9.45413660E-07
        2074        1238   9.74828367E-07
        2075        1239   9.50893252E-07
        2076        1239   9.80124014E-07
        2077        1240   9.57500220E-07
        2078        1240   9.87735348E-07
        2079        1241   9.58772148E-07
        2080        1241   9.89240675E-07
        2081        1242   9.62341574E-07
        2082        1242   9.91900833E-07
        2083        1243   9.68258860E-07
        2084        1243   9.96818926E-07
        2085        1244   9.70484734E-07
        2086        1245   9.43346663E-07
        2087        1245   9.70855581E-07
        2088        1246   9.51265974E-07
        2089        1246   9.81050221E-07
        2090        1247   9.53903623E-07
        2091        1247   9.83897166E-07
        2092        1248   9.57599241E-07
        2093        1248   9.87755584E-07
        2094        1249   9.63842012E-07
        2095        1249   9.92610921E-07
        2096        1250   9.66752623E-07
        2097        1250   9.94023139E-07
        2098        1251   9.69212806E-07
        2099        1251   9.97863367E-07
        2100        1252   9.77088462E-07
        2101        1253   9.49063633E-07
        2102        1253   9.79007154E-07
        2103        1254   9.51825427E-07
        2104        1254   9.81293852E-07
        2105        1255   9.57428142E-07
        2106        1255   9.85548468E-07
        2107        1256   9.60295324E-07
        2108        1256   9.90492367E-07
        2109        1257   9.67395181E-07
        2110        1257   9.98256610E-07
        2111        1258   9.70439146E-07
        2112        1258   9.99881081E-07
        2113        1259   9.71265763E-07
        2114        1260   9.47767546E-07
        2115        1260   9.77880404E-07
        2116        1261   9.53437734E-07
        2117        1261   9.83372502E-07
        2118        1262   9.55389964E-07
        2119        1262   9.83953669E-07
        2120        1263   9.58638111E-07
        2121        1263   9.87825729E-07
        2122        1264   9.64866672E-07
        2123        1264   9.94709126E-07
        2124        1265   9.65359959E-07
        2125        1265   9.95584742E-07
        2126        1266   9.69134362E-07
        2127        1267   9.46165642E-07
        2128        1267   9.75651574E-07
        2129        1268   9.46407852E-07
        2130        1268   9.76203864E-07
        2131        1269   9.51688094E-07
        2132        1269   9.81026801E-07
        2133        1270   9.58528744E-07
        2134        1270   9.86674422E-07
        2135        1271   9.59529530E-07
        2136        1271   9.90109697E-07
        2137        1272   9.64992864E-07
        2138        1272   9.94438437E-07
        2139        1273   9.68315589E-07
        2140        1273   9.98060500E-07
        2141        1274   9.72498242E-07
        2142        1275   9.45039631E-07
        2143        1275   9.74526074E-07
        2144        1276   9.52514597E-07
        2145        1276   9.81160838E-07
        2146        1277   9.53971835E-07
        2147        1277   9.83375230E-07
        2148        1278   9.59014073E-07
        2149        1278   9.88224429E-07
        2150        1279   9.64190349E-07
        2151        1279   9.95750952E-07
        2152        1280   9.64769924E-07
        2153        1280   9.94359084E-07
        2154        1281   9.71057148E-07
        2155        1282   9.48873776E-07
        2156        1282   9.76935553E-07
        2157        1283   9.46872660E-07
        2158        1283   9.76986030E-07
        2159        1284   9.51783306E-07
        2160        1284   9.82187544E-07
        2161        1285   9.58015676E-07
        2162        1285   9.87716476E-07
        2163        1286   9.62555077E-07
        2164        1286   9.91193360E-07
        2165        1287   9.63377829E-07
        2166        1287   9.94314973E-07
        2167        1288   9.71209829E-07
        2168        1289   9.44018893E-07
        2169        1289   9.73433657E-07
        2170        1290   9.48420336E-07
        2171        1290   9.77773766E-07
        2172        1291   9.55317887E-07
        2173        1291   9.84836788E-07
        2174        1292   9.55095402E-07
        2175        1292   9.84623512E-07
        2176        1293   9.59901513E-07
        2177        1293   9.89494083E-07
        2178        1294   9.66270932E-07
        2179        1294   9.95235837E-07
        2180        1295   9.66450784E-07
        2181        1295   9.96050517E-07
        2182        1296   9.72641146E-07
        2183        1297   9.44454541E-07
        2184        1297   9.73594979E-07
        2185        1298   9.50909623E-07
        2186        1298   9.79913921E-07
        2187        1299   9.52223331E-07
        2188        1299   9.80696996E-07
        2189        1300   9.58986561E-07
        2190        1300   9.91375487E-07
        2191        1301   9.63556772E-07
        2192        1301   9.93962999E-07
        2193        1302   9.66414632E-07
        2194        1302   9.94854304E-07
        2195        1303   9.70405495E-07
        2196        1304   9.45022578E-07
        2197        1304   9.74007548E-07
        2198        1305   9.49275943E-07
        2199        1305   9.78862658E-07
        2200        1306   9.55001610E-07
        2201        1306   9.83656378E-07
        2202        1307   9.58261580E-07
        2203        1307   9.87478415E-07
        2204        1308   9.62290414E-07
        2205        1308   9.91562160E-07
        2206        1309   9.64241849E-07
        2207        1309   9.94533593E-07
        2208        1310   9.70698238E-07
        2209        1310   9.99965096E-07
        2210        1311   9.72454586E-07
        2211        1312   9.47436376E-07
        2212        1312   9.77396667E-07
        2213        1313   9.53383108E-07
        2214        1313   9.84160351E-07
        2215        1314   9.56797749E-07
        2216        1314   9.86575969E-07
        2217        1315   9.59011686E-07
        2218        1315   9.88622332E-07
        2219        1316   9.64496962E-07
        2220        1316   9.93602612E-07
        2221        1317   9.66155085E-07
        2222        1317   9.97383836E-07
        2223        1318   9.71185273E-07
        2224        1319   9.47559158E-07
        2225        1319   9.79264087E-07
        2226        1320   9.51715037E-07
        2227        1320   9.78578669E-07
        2228        1321   9.53187168E-07
        2229        1321   9.79950073E-07
        2230        1322   9.62310423E-07
        2231        1322   9.91517595E-07
        2232        1323   9.62917170E-07
        2233        1323   9.93372737E-07
        2234        1324   9.68828090E-07
        2235        1324   9.98288670E-07
        2236        1325   9.71073860E-07
        2237        1326   9.47008687E-07
        2238        1326   9.74261070E-07
        2239        1327   9.48577735E-07
        2240        1327   9.77005470E-07
        2241        1328   9.53110487E-07
        2242        1328   9.82813276E-07
        2243        1329   9.58974510E-07
        2244        1329   9.87466365E-07
        2245        1330   9.63408752E-07
        2246        1330   9.94071911E-07
        2247        1331   9.67974188E-07
        2248        1331   9.96296876E-07
        2249        1332   9.71241775E-07
        2250        1333   9.44652299E-07
        2251        1333   9.73513465E-07
        2252        1334   9.50919514E-07
        2253        1334   9.78593221E-07
        2254        1335   9.55098812E-07
        2255        1335   9.84247549E-07
        2256        1336   9.58745318E-07
        2257        1336   9.89332989E-07
        2258        1337   9.60704824E-07
        2259        1337   9.91134470E-07
        2260        1338   9.65877462E-07
        2261        1338   9.95556206E-07
        2262        1339   9.67270012E-07
        2263        1339   9.97915322E-07
        2264        1340   9.73409897E-07
        2265        1341   9.49925834E-07
        2266        1341   9.78787853E-07
        2267        1342   9.54026405E-07
        2268        1342   9.84267785E-07
        2269        1343   9.55521273E-07
        2270        1343   9.84708436E-07
        2271        1344   9.60902867E-07
        2272        1344   9.90160288E-07
        2273        1345   9.61985961E-07
        2274        1345   9.92354330E-07
        2275        1346   9.67993742E-07
        2276        1346   9.98696123E-07
        2277        1347   9.72584075E-07
        2278        1348   9.48750710E-07
        2279        1348   9.78499202E-07
        2280        1349   9.50163042E-07
        2281        1349   9.79896186E-07
        2282        1350   9.56056397E-07
        2283        1350   9.84978442E-07
        2284        1351   9.56973281E-07
        2285        1351   9.87350063E-07
        2286        1352   9.62671947E-07
        2287        1352   9.93182653E-07
        2288        1353   9.67215215E-07
        2289        1353   9.97107804E-07
        2290        1354   9.73477313E-07
        2291        1355   9.44638089E-07
        2292        1355   9.74138970E-07
        2293        1356   9.50855110E-07
        2294        1356   9.79477591E-07
        2295        1357   9.51800075E-07
        2296        1357   9.80770324E-07
        2297        1358   9.57662451E-07
        2298        1358   9.87987733E-07
        2299        1359   9.60987450E-07
        2300        1359   9.91582738E-07
        2301        1360   9.67884262E-07
        2302        1360   9.95952405E-07
        2303        1361   9.69506232E-07
        2304        1361   9.99413828E-07
